Q	#up	#dn	#all
A_1	1	1	1
A_2	2	2	2
B_1	1	1	1
B_2	2	2	2
B_3	2	2	2
B_4	2	2	2
B_5	3	3	3
C_1	1	1	1
C_2	2	2	2
C_3	3	3	3
C_4	2	2	2
C_5	2	2	2
C_6	4	4	4
C_7	2	2	2
C_8	2	2	2
C_9	4	4	4
C_10	2	2	2
C_11	4	4	4
C_12	3	3	3
C_13	8	8	24
C_14	3	3	3
C_15	3	3	3
C_16	4	4	4
C_17	4	4	4
C_18	4	4	4
C_19	2	2	2
C_20	4	4	4
C_21	8	8	24
C_22	4	4	4
C_23	4	4	4
D_1	1	1	1
D_2	2	2	2
D_3	3	3	3
D_4	2	2	2
D_5	4	4	4
D_6	2	2	2
D_7	3	3	3
D_8	3	3	3
D_9	2	2	2
D_10	4	4	4
D_11	2	2	2
D_12	6	6	6
D_13	6	6	6
D_14	4	4	4
D_15	2	2	2
D_16	4	4	4
D_17	4	4	4
D_18	2	2	2
D_19	4	4	4
D_20	2	2	2
D_21	4	4	4
D_22	6	6	6
D_23	2	2	2
D_24	4	4	4
D_25	6	6	6
D_26	4	4	4
D_27	4	4	4
D_28	4	4	4
D_29	4	4	4
D_30	4	4	4
D_31	2	2	2
D_32	4	4	4
D_33	4	4	4
D_34	4	4	4
D_35	4	4	4
D_36	4	4	4
D_37	8	8	8
D_38	8	8	8
D_39	3	3	3
D_40	6	6	6
D_41	8	8	24
D_42	3	3	3
D_43	3	3	3
D_44	3	3	3
D_45	6	6	6
D_46	3	3	3
D_47	6	6	6
D_48	6	6	6
D_49	3	3	3
D_50	4	4	4
D_51	4	4	4
D_52	4	4	4
D_53	2	2	2
D_54	4	4	4
D_55	4	4	4
D_56	4	4	4
D_57	4	4	4
D_58	4	4	4
D_59	4	4	4
D_60	8	8	24
D_61	4	4	4
D_62	4	4	4
D_63	8	8	24
D_64	4	4	4
D_65	4	4	4
D_66	2	2	2
D_67	6	6	6
D_68	8	8	8
D_69	8	8	24
D_70	8	8	8
D_71	8	8	8
D_72	4	4	4
D_73	4	4	4
D_74	4	4	4
D_75	4	4	4
D_76	4	4	4
D_77	8	8	8
D_78	8	8	8
D_79	4	4	4
D_80	8	8	8
D_81	4	4	4
D_82	6	6	6
D_83	6	6	6
D_84	6	6	6
D_85	6	6	6
D_86	6	6	6
D_87	6	6	6
D_88	5	5	5
E_1	1	1	1
E_2	2	2	2
E_3	3	3	3
E_4	2	2	2
E_5	4	4	4
E_6	6	6	6
E_7	5	5	5
E_8	2	2	2
E_9	4	4	4
E_10	4	4	4
E_11	3	3	3
E_12	3	3	3
E_13	2	2	2
E_14	4	4	4
E_15	4	4	4
E_16	4	4	4
E_17	4	4	4
E_18	2	2	2
E_19	4	4	4
E_20	4	4	4
E_21	2	2	2
E_22	6	6	6
E_23	4	4	4
E_24	4	4	4
E_25	8	8	8
E_26	6	6	6
E_27	2	2	2
E_28	4	4	4
E_29	4	4	4
E_30	4	4	4
E_31	4	4	4
E_32	6	6	6
E_33	2	2	2
E_34	4	4	4
E_35	6	6	6
E_36	4	4	4
E_37	4	4	4
E_38	4	4	4
E_39	2	2	2
E_40	4	4	4
E_41	4	4	4
E_42	4	4	4
E_43	2	2	2
E_44	4	4	4
E_45	6	6	6
E_46	2	2	2
E_47	4	4	4
E_48	6	6	6
E_49	2	2	2
E_50	4	4	4
E_51	6	6	6
E_52	4	4	4
E_53	8	8	8
E_54	2	2	2
E_55	4	4	4
E_56	6	6	6
E_57	4	4	4
E_58	8	8	8
E_59	4	4	4
E_60	4	4	4
E_61	4	4	4
E_62	4	4	4
E_63	6	6	6
E_64	4	4	4
E_65	2	2	2
E_66	6	6	6
E_67	4	4	4
E_68	4	4	4
E_69	4	4	4
E_70	4	4	4
E_71	4	4	4
E_72	4	4	4
E_73	4	4	4
E_74	4	4	4
E_75	4	4	4
E_76	8	8	8
E_77	4	4	4
E_78	8	8	8
E_79	4	4	4
E_80	4	4	4
E_81	4	4	4
E_82	4	4	4
E_83	4	4	4
E_84	4	4	4
E_85	4	4	4
E_86	4	4	4
E_87	8	8	8
E_88	8	8	8
E_89	3	3	3
E_90	6	6	6
E_91	3	3	3
E_92	6	6	6
E_93	6	6	6
E_94	6	6	6
E_95	6	6	6
E_96	6	6	6
E_97	6	6	6
E_98	6	6	6
E_99	6	6	6
E_100	6	6	6
E_101	6	6	6
E_102	6	6	6
E_103	6	6	6
E_104	6	6	6
E_105	6	6	6
E_106	6	6	6
E_107	6	6	6
E_108	6	6	6
E_109	6	6	6
E_110	6	6	6
E_111	3	3	3
E_112	9	9	9
E_113	6	6	6
E_114	3	3	3
E_115	8	8	24
E_116	8	8	48
E_117	3	3	3
E_118	6	6	6
E_119	3	3	3
E_120	6	6	6
E_121	3	3	3
E_122	6	6	6
E_123	3	3	3
E_124	6	6	6
E_125	6	6	6
E_126	3	3	3
E_127	9	9	9
E_128	3	3	3
E_129	6	6	6
E_130	9	9	9
E_131	3	3	3
E_132	6	6	6
E_133	9	9	9
E_134	3	3	3
E_135	6	6	6
E_136	3	3	3
E_137	6	6	6
E_138	8	8	24
E_139	4	4	4
E_140	4	4	4
E_141	8	8	8
E_142	4	4	4
E_143	8	8	8
E_144	4	4	4
E_145	8	8	8
E_146	4	4	4
E_147	4	4	4
E_148	8	8	8
E_149	4	4	4
E_150	4	4	4
E_151	4	4	4
E_152	4	4	4
E_153	4	4	4
E_154	4	4	4
E_155	2	2	2
E_156	4	4	4
E_157	8	8	8
E_158	8	8	8
E_159	4	4	4
E_160	4	4	4
E_161	8	8	8
E_162	8	8	8
E_163	4	4	4
E_164	4	4	4
E_165	4	4	4
E_166	8	8	8
E_167	4	4	4
E_168	8	8	8
E_169	4	4	4
E_170	8	8	8
E_171	8	8	8
E_172	8	8	8
E_173	6	6	6
E_174	6	6	6
E_175	8	8	48
E_176	8	8	24
E_177	6	6	6
E_178	6	6	6
E_179	6	6	6
E_180	6	6	6
E_181	6	6	6
E_182	6	6	6
E_183	6	6	6
E_184	6	6	6
E_185	6	6	6
E_186	6	6	6
E_187	6	6	6
E_188	6	6	6
E_189	6	6	6
E_190	6	6	6
E_191	6	6	6
E_192	6	6	6
E_193	6	6	6
E_194	24	24	24
E_195	8	8	8
E_196	8	8	8
E_197	8	8	8
E_198	8	8	8
E_199	4	4	4
E_200	4	4	4
E_201	8	8	8
E_202	8	8	8
E_203	4	4	4
E_204	8	8	8
E_205	8	8	8
E_206	4	4	4
E_207	4	4	4
E_208	4	4	4
E_209	8	8	8
E_210	2	2	2
E_211	4	4	4
E_212	4	4	4
E_213	4	4	4
E_214	4	4	4
E_215	4	4	4
E_216	4	4	4
E_217	4	4	4
E_218	8	8	8
E_219	8	8	8
E_220	4	4	4
E_221	8	8	8
E_222	4	4	4
E_223	8	8	8
E_224	8	8	8
E_225	4	4	4
E_226	8	8	8
E_227	8	8	8
E_228	8	8	8
E_229	4	4	4
E_230	4	4	4
E_231	8	8	8
E_232	8	8	8
E_233	8	8	8
E_234	8	8	8
E_235	4	4	4
E_236	4	4	4
E_237	4	4	4
E_238	8	8	8
E_239	8	8	8
E_240	8	8	8
E_241	8	8	8
E_242	8	8	8
E_243	8	8	8
E_244	8	8	8
E_245	8	8	8
E_246	8	8	8
E_247	8	8	8
E_248	8	8	8
E_249	8	8	8
E_250	16	16	16
E_251	16	16	16
E_252	8	8	24
E_253	8	8	48
E_254	4	4	4
E_255	4	4	8
E_256	4	4	4
E_257	8	8	8
E_258	4	4	4
E_259	8	8	8
E_260	8	8	8
E_261	8	8	8
E_262	8	8	48
E_263	4	4	4
E_264	8	8	8
E_265	4	4	4
E_266	2	2	2
E_267	4	4	4
E_268	4	4	4
E_269	8	8	8
E_270	8	8	8
E_271	4	4	4
E_272	4	4	4
E_273	8	8	8
E_274	8	8	8
E_275	4	4	4
E_276	8	8	8
E_277	8	8	8
E_278	4	4	4
E_279	8	8	8
E_280	8	8	8
E_281	4	4	4
E_282	8	8	8
E_283	8	8	8
E_284	16	16	16
E_285	8	8	24
E_286	4	4	4
E_287	4	4	4
E_288	4	4	4
E_289	8	8	8
E_290	8	8	8
E_291	8	8	8
E_292	8	8	8
E_293	4	4	4
E_294	4	4	4
E_295	2	2	2
E_296	6	6	6
E_297	4	4	4
E_298	4	4	4
E_299	4	4	4
E_300	8	8	8
E_301	4	4	4
E_302	8	8	8
E_303	4	4	4
E_304	4	4	4
E_305	4	4	4
E_306	8	8	8
E_307	8	8	24
E_308	8	8	8
E_309	8	8	8
E_310	4	4	4
E_311	4	4	4
E_312	4	4	4
E_313	4	4	4
E_314	16	16	16
E_315	16	16	16
E_316	8	8	8
E_317	8	8	8
E_318	8	8	8
E_319	8	8	8
E_320	4	4	4
E_321	8	8	8
E_322	8	8	8
E_323	4	4	4
E_324	8	8	8
E_325	4	4	4
E_326	8	8	24
E_327	16	16	48
E_328	4	4	4
E_329	8	8	8
E_330	8	8	8
E_331	8	8	8
E_332	4	4	4
E_333	8	8	8
E_334	8	8	8
E_335	8	8	8
E_336	16	16	48
E_337	8	8	24
E_338	8	8	8
E_339	8	8	8
E_340	4	4	4
E_341	8	8	8
E_342	4	4	4
E_343	8	8	8
E_344	2	2	2
E_345	6	6	6
E_346	4	4	4
E_347	4	4	4
E_348	8	8	8
E_349	8	8	8
E_350	8	8	8
E_351	16	16	16
E_352	4	4	4
E_353	8	8	8
E_354	4	4	4
E_355	8	8	8
E_356	8	8	8
E_357	16	16	16
E_358	8	8	8
E_359	16	16	16
E_360	4	4	4
E_361	8	8	8
E_362	4	4	4
E_363	8	8	8
E_364	8	8	8
E_365	8	8	8
E_366	4	4	4
E_367	4	4	4
E_368	8	8	24
E_369	16	16	48
E_370	16	16	48
E_371	8	8	24
E_372	4	4	4
E_373	8	8	8
E_374	4	4	4
E_375	4	4	4
E_376	8	8	8
E_377	4	4	4
E_378	8	8	8
E_379	4	4	4
E_380	8	8	8
E_381	8	8	8
E_382	8	8	8
E_383	8	8	8
E_384	4	4	4
E_385	8	8	24
E_386	8	8	8
E_387	8	8	8
E_388	8	8	24
E_389	8	8	8
E_390	4	4	4
E_391	4	4	4
E_392	8	8	8
E_393	8	8	8
E_394	4	4	4
E_395	4	4	4
E_396	8	8	8
E_397	8	8	8
E_398	8	8	8
E_399	8	8	8
E_400	4	4	4
E_401	8	8	8
E_402	8	8	8
E_403	8	8	8
E_404	4	4	4
E_405	8	8	8
E_406	8	8	8
E_407	8	8	8
E_408	8	8	8
E_409	4	4	4
E_410	8	8	8
E_411	8	8	8
E_412	4	4	4
E_413	6	6	6
E_414	6	6	6
E_415	16	16	48
E_416	16	16	48
E_417	6	6	6
E_418	6	6	6
E_419	6	6	6
E_420	6	6	6
E_421	6	6	6
E_422	6	6	6
E_423	6	6	6
E_424	6	6	6
E_425	6	6	6
E_426	6	6	6
E_427	6	6	6
E_428	6	6	6
E_429	6	6	6
E_430	6	6	6
E_431	6	6	6
E_432	6	6	6
E_433	16	16	48
E_434	6	6	6
E_435	6	6	6
E_436	6	6	6
E_437	6	6	6
E_438	6	6	6
E_439	6	6	6
E_440	5	5	5
E_441	16	16	48
E_442	8	8	48
E_443	16	16	48
E_444	8	8	48
E_445	16	16	48
E_446	16	16	48
E_447	16	16	48
E_448	6	6	6
E_449	6	6	6
E_450	6	6	6
E_451	6	6	6
E_452	6	6	6
E_453	6	6	6
E_454	6	6	6
E_455	6	6	6
E_456	6	6	6
E_457	6	6	6
E_458	6	6	6
E_459	6	6	6
E_460	5	5	5
E_461	5	5	5
E_462	5	5	5
E_463	5	5	5
E_464	8	8	8
E_465	8	8	8
E_466	8	8	8
E_467	16	16	16
E_468	8	8	8
E_469	8	8	8
E_470	8	8	8
E_471	16	16	16
E_472	8	8	8
E_473	16	16	16
E_474	8	8	8
E_475	8	8	8
E_476	8	8	8
E_477	8	8	8
E_478	8	8	8
E_479	4	4	4
E_480	8	8	8
E_481	4	4	4
E_482	8	8	8
E_483	16	16	16
E_484	8	8	8
E_485	8	8	8
E_486	8	8	8
E_487	4	4	4
E_488	8	8	8
E_489	8	8	8
E_490	8	8	8
E_491	8	8	8
E_492	8	8	8
E_493	4	4	4
E_494	8	8	8
E_495	4	4	4
E_496	4	4	4
E_497	8	8	8
E_498	8	8	8
E_499	8	8	8
E_500	8	8	8
E_501	16	16	48
E_502	16	16	48
E_503	8	8	8
E_504	8	8	8
E_505	8	8	8
E_506	8	8	8
E_507	8	8	8
E_508	8	8	8
E_509	8	8	8
E_510	8	8	8
E_511	16	16	48
E_512	8	8	8
E_513	4	4	4
E_514	4	4	4
E_515	8	8	8
E_516	4	4	4
E_517	4	4	4
E_518	8	8	8
E_519	16	16	48
E_520	8	8	8
E_521	8	8	8
E_522	8	8	8
E_523	4	4	4
E_524	4	4	4
E_525	4	4	4
E_526	4	4	4
E_527	16	16	16
E_528	16	16	48
E_529	16	16	16
E_530	8	8	8
E_531	8	8	8
E_532	8	8	8
E_533	8	8	8
E_534	8	8	8
E_535	8	8	8
E_536	8	8	8
E_537	8	8	8
E_538	8	8	8
E_539	16	16	16
E_540	2	2	2
E_541	8	8	8
E_542	4	4	4
E_543	8	8	8
E_544	8	8	8
E_545	8	8	8
E_546	16	16	16
E_547	8	8	8
E_548	8	8	8
E_549	8	8	8
E_550	8	8	8
E_551	16	16	48
E_552	8	8	48
E_553	8	8	48
E_554	16	16	48
E_555	8	8	8
E_556	4	4	8
E_557	8	8	8
E_558	8	8	8
E_559	8	8	8
E_560	8	8	8
E_561	8	8	8
E_562	16	16	16
E_563	16	16	16
E_564	8	8	8
E_565	4	4	4
E_566	16	16	48
E_567	8	8	8
E_568	8	8	8
E_569	4	4	4
E_570	8	8	8
E_571	8	8	8
E_572	8	8	8
E_573	8	8	8
E_574	4	4	4
E_575	4	4	4
E_576	8	8	8
E_577	8	8	8
E_578	18	18	18
E_579	9	9	9
E_580	9	9	9
E_581	9	9	9
E_582	9	9	9
E_583	9	9	9
E_584	3	3	3
E_585	9	9	9
E_586	3	3	3
E_587	12	12	12
E_588	6	6	6
E_589	24	24	24
E_590	6	6	6
E_591	24	24	24
E_592	24	24	24
E_593	12	12	12
E_594	12	12	12
E_595	18	18	18
F_1	1	1	1
F_2	2	2	2
F_3	3	3	3
F_4	2	2	2
F_5	4	4	4
F_6	6	6	6
F_7	5	5	5
F_8	2	2	2
F_9	4	4	4
F_10	3	3	3
F_11	6	6	6
F_12	2	2	2
F_13	4	4	4
F_14	4	4	4
F_15	6	6	6
F_16	6	6	6
F_17	3	3	3
F_18	3	3	3
F_19	6	6	6
F_20	6	6	6
F_21	2	2	2
F_22	4	4	4
F_23	4	4	4
F_24	4	4	4
F_25	4	4	4
F_26	6	6	6
F_27	6	6	6
F_28	5	5	5
F_29	5	5	5
F_30	5	5	5
F_31	2	2	2
F_32	4	4	4
F_33	4	4	4
F_34	2	2	2
F_35	6	6	6
F_36	4	4	4
F_37	4	4	4
F_38	8	8	8
F_39	12	12	12
F_40	6	6	6
F_41	12	12	12
F_42	2	2	2
F_43	4	4	4
F_44	6	6	6
F_45	10	10	10
F_46	4	4	4
F_47	4	4	4
F_48	6	6	6
F_49	10	10	10
F_50	4	4	4
F_51	6	6	6
F_52	4	4	4
F_53	8	8	8
F_54	2	2	2
F_55	4	4	4
F_56	6	6	6
F_57	4	4	4
F_58	8	8	8
F_59	4	4	4
F_60	6	6	6
F_61	4	4	4
F_62	4	4	4
F_63	12	12	12
F_64	2	2	2
F_65	4	4	4
F_66	4	4	4
F_67	4	4	4
F_68	6	6	6
F_69	12	12	12
F_70	2	2	2
F_71	4	4	4
F_72	6	6	6
F_73	4	4	4
F_74	4	4	4
F_75	12	12	12
F_76	2	2	2
F_77	4	4	4
F_78	6	6	6
F_79	4	4	4
F_80	4	4	4
F_81	12	12	12
F_82	2	2	2
F_83	4	4	4
F_84	6	6	6
F_85	4	4	4
F_86	8	8	8
F_87	2	2	2
F_88	4	4	4
F_89	6	6	6
F_90	4	4	4
F_91	8	8	8
F_92	2	2	2
F_93	4	4	4
F_94	6	6	6
F_95	4	4	4
F_96	8	8	8
F_97	12	12	12
F_98	10	10	10
F_99	2	2	2
F_100	4	4	4
F_101	6	6	6
F_102	4	4	4
F_103	8	8	8
F_104	12	12	12
F_105	10	10	10
F_106	4	4	4
F_107	4	4	4
F_108	4	4	4
F_109	4	4	4
F_110	4	4	4
F_111	4	4	4
F_112	8	8	8
F_113	8	8	8
F_114	4	4	4
F_115	4	4	4
F_116	4	4	4
F_117	8	8	8
F_118	8	8	8
F_119	4	4	4
F_120	8	8	8
F_121	8	8	8
F_122	4	4	4
F_123	4	4	4
F_124	4	4	4
F_125	6	6	6
F_126	4	4	4
F_127	8	8	8
F_128	8	8	8
F_129	4	4	4
F_130	2	2	2
F_131	6	6	6
F_132	4	4	4
F_133	4	4	4
F_134	8	8	8
F_135	8	8	8
F_136	8	8	8
F_137	8	8	8
F_138	4	4	4
F_139	4	4	4
F_140	8	8	8
F_141	8	8	8
F_142	4	4	4
F_143	8	8	8
F_144	8	8	8
F_145	4	4	4
F_146	4	4	4
F_147	8	8	8
F_148	8	8	8
F_149	4	4	4
F_150	4	4	4
F_151	4	4	4
F_152	4	4	4
F_153	8	8	8
F_154	4	4	4
F_155	8	8	8
F_156	4	4	4
F_157	4	4	4
F_158	4	4	4
F_159	4	4	4
F_160	4	4	4
F_161	4	4	4
F_162	4	4	4
F_163	4	4	4
F_164	4	4	4
F_165	8	8	8
F_166	8	8	8
F_167	4	4	4
F_168	4	4	4
F_169	8	8	8
F_170	8	8	8
F_171	4	4	4
F_172	8	8	8
F_173	8	8	8
F_174	4	4	4
F_175	8	8	8
F_176	4	4	4
F_177	8	8	8
F_178	4	4	4
F_179	4	4	4
F_180	8	8	8
F_181	8	8	8
F_182	4	4	4
F_183	4	4	4
F_184	8	8	8
F_185	8	8	8
F_186	4	4	4
F_187	4	4	4
F_188	8	8	8
F_189	8	8	8
F_190	4	4	4
F_191	4	4	4
F_192	8	8	8
F_193	8	8	8
F_194	8	8	8
F_195	8	8	8
F_196	3	3	3
F_197	6	6	6
F_198	3	3	3
F_199	6	6	6
F_200	6	6	6
F_201	6	6	6
F_202	6	6	6
F_203	6	6	6
F_204	6	6	6
F_205	6	6	6
F_206	6	6	6
F_207	6	6	6
F_208	6	6	6
F_209	6	6	6
F_210	6	6	6
F_211	6	6	6
F_212	6	6	6
F_213	6	6	6
F_214	6	6	6
F_215	6	6	6
F_216	6	6	6
F_217	6	6	6
F_218	6	6	6
F_219	6	6	6
F_220	6	6	6
F_221	6	6	6
F_222	6	6	6
F_223	6	6	6
F_224	6	6	6
F_225	6	6	6
F_226	6	6	6
F_227	6	6	6
F_228	6	6	6
F_229	6	6	6
F_230	6	6	6
F_231	6	6	6
F_232	6	6	6
F_233	6	6	6
F_234	6	6	6
F_235	6	6	6
F_236	6	6	6
F_237	6	6	6
F_238	6	6	6
F_239	6	6	6
F_240	2	2	2
F_241	4	4	4
F_242	4	4	4
F_243	4	4	4
F_244	4	4	4
F_245	4	4	4
F_246	8	8	8
F_247	4	4	4
F_248	4	4	4
F_249	4	4	4
F_250	4	4	4
F_251	8	8	8
F_252	4	4	4
F_253	8	8	8
F_254	4	4	4
F_255	4	4	4
F_256	8	8	8
F_257	8	8	8
F_258	4	4	4
F_259	8	8	8
F_260	4	4	4
F_261	4	4	4
F_262	4	4	4
F_263	4	4	4
F_264	8	8	8
F_265	8	8	8
F_266	4	4	4
F_267	4	4	4
F_268	8	8	8
F_269	2	2	2
F_270	8	8	8
F_271	4	4	4
F_272	8	8	8
F_273	8	8	8
F_274	4	4	4
F_275	4	4	4
F_276	8	8	8
F_277	8	8	8
F_278	4	4	4
F_279	8	8	8
F_280	8	8	8
F_281	4	4	4
F_282	4	4	4
F_283	8	8	8
F_284	8	8	8
F_285	4	4	4
F_286	4	4	4
F_287	8	8	8
F_288	4	4	4
F_289	8	8	8
F_290	8	8	8
F_291	4	4	4
F_292	8	8	8
F_293	4	4	4
F_294	8	8	8
F_295	8	8	8
F_296	4	4	4
F_297	8	8	8
F_298	4	4	4
F_299	8	8	8
F_300	8	8	8
F_301	4	4	4
F_302	8	8	8
F_303	4	4	4
F_304	8	8	8
F_305	8	8	8
F_306	8	8	8
F_307	8	8	8
F_308	4	4	4
F_309	8	8	8
F_310	4	4	4
F_311	8	8	8
F_312	8	8	8
F_313	8	8	8
F_314	8	8	8
F_315	8	8	8
F_316	8	8	8
F_317	8	8	8
F_318	8	8	8
F_319	8	8	8
F_320	8	8	8
F_321	4	4	4
F_322	8	8	8
F_323	4	4	4
F_324	8	8	8
F_325	8	8	8
F_326	8	8	8
F_327	8	8	8
F_328	8	8	8
F_329	8	8	8
F_330	8	8	8
F_331	8	8	8
F_332	8	8	8
F_333	8	8	8
F_334	8	8	8
F_335	8	8	8
F_336	8	8	8
F_337	8	8	8
F_338	8	8	8
F_339	8	8	8
F_340	3	3	3
F_341	9	9	9
F_342	6	6	6
F_343	3	3	3
F_344	12	12	12
F_345	6	6	6
F_346	12	12	12
F_347	8	8	24
F_348	8	8	48
F_349	9	9	9
F_350	3	3	3
F_351	6	6	6
F_352	9	9	9
F_353	3	3	3
F_354	6	6	6
F_355	9	9	9
F_356	6	6	6
F_357	6	6	6
F_358	3	3	3
F_359	6	6	6
F_360	6	6	6
F_361	6	6	6
F_362	3	3	3
F_363	6	6	6
F_364	6	6	6
F_365	6	6	6
F_366	6	6	6
F_367	6	6	6
F_368	6	6	6
F_369	3	3	3
F_370	6	6	6
F_371	9	9	9
F_372	3	3	3
F_373	6	6	6
F_374	9	9	9
F_375	3	3	3
F_376	6	6	6
F_377	9	9	9
F_378	3	3	3
F_379	6	6	6
F_380	3	3	3
F_381	6	6	6
F_382	3	3	3
F_383	6	6	6
F_384	9	9	9
F_385	6	6	6
F_386	12	12	12
F_387	3	3	3
F_388	6	6	6
F_389	9	9	9
F_390	6	6	6
F_391	12	12	12
F_392	3	3	3
F_393	6	6	6
F_394	9	9	9
F_395	6	6	6
F_396	12	12	12
F_397	3	3	3
F_398	6	6	6
F_399	9	9	9
F_400	3	3	3
F_401	6	6	6
F_402	9	9	9
F_403	3	3	3
F_404	6	6	6
F_405	9	9	9
F_406	6	6	6
F_407	12	12	12
F_408	3	3	3
F_409	6	6	6
F_410	6	6	6
F_411	3	3	3
F_412	6	6	6
F_413	6	6	6
F_414	6	6	6
F_415	16	16	16
F_416	8	8	24
F_417	16	16	48
F_418	4	4	4
F_419	4	4	4
F_420	8	8	8
F_421	4	4	4
F_422	8	8	8
F_423	4	4	4
F_424	8	8	8
F_425	4	4	4
F_426	4	4	4
F_427	8	8	8
F_428	4	4	4
F_429	4	4	4
F_430	4	4	4
F_431	6	6	6
F_432	4	4	4
F_433	12	12	12
F_434	4	4	4
F_435	4	4	4
F_436	2	2	2
F_437	4	4	4
F_438	6	6	6
F_439	12	12	12
F_440	8	8	8
F_441	8	8	8
F_442	4	4	4
F_443	4	4	4
F_444	8	8	8
F_445	8	8	8
F_446	4	4	4
F_447	4	4	4
F_448	4	4	4
F_449	8	8	8
F_450	4	4	4
F_451	8	8	8
F_452	4	4	4
F_453	8	8	8
F_454	8	8	8
F_455	4	4	4
F_456	8	8	8
F_457	4	4	4
F_458	8	8	8
F_459	4	4	4
F_460	8	8	8
F_461	4	4	4
F_462	4	4	4
F_463	8	8	8
F_464	4	4	4
F_465	8	8	8
F_466	4	4	4
F_467	8	8	8
F_468	4	4	4
F_469	8	8	8
F_470	8	8	8
F_471	8	8	8
F_472	4	4	4
F_473	4	4	4
F_474	8	8	8
F_475	8	8	8
F_476	4	4	4
F_477	4	4	4
F_478	4	4	4
F_479	4	4	4
F_480	8	8	8
F_481	4	4	4
F_482	8	8	8
F_483	4	4	4
F_484	8	8	8
F_485	4	4	4
F_486	8	8	8
F_487	8	8	8
F_488	8	8	8
F_489	8	8	8
F_490	8	8	8
F_491	16	16	16
F_492	6	6	6
F_493	6	6	6
F_494	8	8	48
F_495	8	8	24
F_496	16	16	48
F_497	16	16	48
F_498	6	6	6
F_499	6	6	6
F_500	6	6	6
F_501	6	6	6
F_502	6	6	6
F_503	6	6	6
F_504	6	6	6
F_505	6	6	6
F_506	6	6	6
F_507	6	6	6
F_508	6	6	6
F_509	6	6	6
F_510	6	6	6
F_511	6	6	6
F_512	6	6	6
F_513	6	6	6
F_514	6	6	6
F_515	24	24	24
F_516	6	6	6
F_517	6	6	6
F_518	6	6	6
F_519	6	6	6
F_520	6	6	6
F_521	6	6	6
F_522	6	6	6
F_523	6	6	6
F_524	6	6	6
F_525	6	6	6
F_526	6	6	6
F_527	6	6	6
F_528	6	6	6
F_529	6	6	6
F_530	6	6	6
F_531	6	6	6
F_532	6	6	6
F_533	6	6	6
F_534	6	6	6
F_535	6	6	6
F_536	6	6	6
F_537	6	6	6
F_538	6	6	6
F_539	6	6	6
F_540	6	6	6
F_541	6	6	6
F_542	6	6	6
F_543	6	6	6
F_544	6	6	6
F_545	6	6	6
F_546	6	6	6
F_547	6	6	6
F_548	6	6	6
F_549	6	6	6
F_550	6	6	6
F_551	6	6	6
F_552	6	6	6
F_553	6	6	6
F_554	6	6	6
F_555	6	6	6
F_556	6	6	6
F_557	6	6	6
F_558	6	6	6
F_559	6	6	6
F_560	6	6	6
F_561	6	6	6
F_562	8	8	8
F_563	8	8	8
F_564	8	8	8
F_565	8	8	8
F_566	16	16	48
F_567	8	8	48
F_568	9	9	9
F_569	9	9	9
F_570	6	6	6
F_571	6	6	6
F_572	6	6	6
F_573	6	6	6
F_574	12	12	12
F_575	6	6	6
F_576	6	6	6
F_577	12	12	12
F_578	6	6	6
F_579	6	6	6
F_580	12	12	12
F_581	6	6	6
F_582	6	6	6
F_583	6	6	6
F_584	6	6	6
F_585	12	12	12
F_586	12	12	12
F_587	6	6	6
F_588	12	12	12
F_589	6	6	6
F_590	12	12	12
F_591	6	6	6
F_592	12	12	12
F_593	12	12	12
F_594	12	12	12
F_595	12	12	12
F_596	6	6	6
F_597	6	6	6
F_598	6	6	6
F_599	12	12	12
F_600	12	12	12
F_601	12	12	12
F_602	6	6	6
F_603	6	6	6
F_604	6	6	6
F_605	6	6	6
F_606	12	12	12
F_607	6	6	6
F_608	12	12	12
F_609	6	6	6
F_610	12	12	12
F_611	6	6	6
F_612	12	12	12
F_613	6	6	6
F_614	12	12	12
F_615	6	6	6
F_616	12	12	12
F_617	6	6	6
F_618	12	12	12
F_619	6	6	6
F_620	6	6	6
F_621	6	6	6
F_622	6	6	6
F_623	6	6	6
F_624	6	6	6
F_625	6	6	6
F_626	12	12	12
F_627	6	6	6
F_628	12	12	12
F_629	6	6	6
F_630	6	6	6
F_631	12	12	12
F_632	6	6	6
F_633	6	6	6
F_634	6	6	6
F_635	6	6	6
F_636	12	12	12
F_637	6	6	6
F_638	6	6	6
F_639	12	12	12
F_640	6	6	6
F_641	9	9	9
F_642	9	9	9
F_643	9	9	9
F_644	9	9	9
F_645	9	9	9
F_646	24	24	144
F_647	24	24	72
F_648	9	9	9
F_649	3	3	3
F_650	9	9	9
F_651	9	9	9
F_652	9	9	9
F_653	3	3	3
F_654	9	9	9
F_655	9	9	9
F_656	9	9	9
F_657	9	9	9
F_658	9	9	9
F_659	9	9	9
F_660	9	9	9
F_661	9	9	9
F_662	9	9	9
F_663	9	9	9
F_664	9	9	9
F_665	9	9	9
F_666	9	9	9
F_667	9	9	9
F_668	9	9	9
F_669	9	9	9
F_670	9	9	9
F_671	9	9	9
F_672	9	9	9
F_673	9	9	9
F_674	9	9	9
F_675	18	18	18
F_676	18	18	18
F_677	18	18	18
F_678	4	4	4
F_679	4	4	4
F_680	8	8	8
F_681	8	8	8
F_682	4	4	4
F_683	8	8	8
F_684	8	8	8
F_685	4	4	4
F_686	4	4	4
F_687	12	12	12
F_688	12	12	12
F_689	4	4	4
F_690	12	12	12
F_691	12	12	12
F_692	12	12	12
F_693	12	12	12
F_694	8	8	8
F_695	12	12	12
F_696	2	2	2
F_697	4	4	4
F_698	4	4	4
F_699	12	12	12
F_700	6	6	6
F_701	8	8	8
F_702	8	8	8
F_703	4	4	4
F_704	4	4	4
F_705	8	8	8
F_706	8	8	8
F_707	8	8	8
F_708	4	4	4
F_709	8	8	8
F_710	8	8	8
F_711	8	8	8
F_712	4	4	4
F_713	4	4	4
F_714	8	8	8
F_715	8	8	8
F_716	8	8	8
F_717	8	8	8
F_718	4	4	4
F_719	8	8	8
F_720	4	4	4
F_721	8	8	8
F_722	8	8	8
F_723	4	4	4
F_724	8	8	8
F_725	8	8	8
F_726	8	8	8
F_727	4	4	4
F_728	4	4	4
F_729	8	8	8
F_730	8	8	8
F_731	4	4	4
F_732	4	4	4
F_733	8	8	8
F_734	8	8	8
F_735	12	12	12
F_736	12	12	12
F_737	4	4	4
F_738	8	8	8
F_739	12	12	12
F_740	4	4	4
F_741	8	8	8
F_742	12	12	12
F_743	4	4	4
F_744	8	8	8
F_745	12	12	12
F_746	4	4	4
F_747	8	8	8
F_748	12	12	12
F_749	4	4	4
F_750	4	4	4
F_751	8	8	8
F_752	8	8	8
F_753	12	12	12
F_754	12	12	12
F_755	4	4	4
F_756	4	4	4
F_757	8	8	8
F_758	8	8	8
F_759	12	12	12
F_760	12	12	12
F_761	8	8	8
F_762	8	8	8
F_763	4	4	4
F_764	12	12	12
F_765	4	4	4
F_766	4	4	4
F_767	8	8	8
F_768	8	8	8
F_769	8	8	8
F_770	8	8	8
F_771	8	8	8
F_772	8	8	8
F_773	8	8	8
F_774	8	8	8
F_775	8	8	8
F_776	8	8	8
F_777	8	8	8
F_778	8	8	8
F_779	8	8	8
F_780	8	8	8
F_781	8	8	8
F_782	8	8	8
F_783	8	8	8
F_784	8	8	8
F_785	8	8	8
F_786	8	8	8
F_787	8	8	8
F_788	8	8	8
F_789	8	8	8
F_790	8	8	8
F_791	8	8	8
F_792	8	8	8
F_793	8	8	8
F_794	8	8	8
F_795	8	8	8
F_796	8	8	8
F_797	8	8	8
F_798	8	8	8
F_799	8	8	8
F_800	8	8	8
F_801	8	8	8
F_802	8	8	8
F_803	8	8	8
F_804	8	8	8
F_805	8	8	8
F_806	8	8	8
F_807	16	16	16
F_808	16	16	16
F_809	4	4	4
F_810	8	8	8
F_811	4	4	4
F_812	2	2	2
F_813	12	12	12
F_814	6	6	6
F_815	4	4	4
F_816	4	4	4
F_817	8	8	8
F_818	8	8	8
F_819	4	4	4
F_820	4	4	4
F_821	8	8	8
F_822	8	8	8
F_823	4	4	4
F_824	8	8	8
F_825	8	8	8
F_826	4	4	4
F_827	8	8	8
F_828	8	8	8
F_829	4	4	4
F_830	8	8	8
F_831	8	8	8
F_832	8	8	8
F_833	4	4	4
F_834	4	4	4
F_835	8	8	8
F_836	8	8	8
F_837	4	4	4
F_838	8	8	8
F_839	4	4	4
F_840	8	8	8
F_841	8	8	8
F_842	4	4	4
F_843	4	4	4
F_844	8	8	8
F_845	8	8	8
F_846	4	4	4
F_847	4	4	4
F_848	8	8	8
F_849	8	8	8
F_850	4	4	4
F_851	4	4	4
F_852	8	8	8
F_853	8	8	8
F_854	4	4	4
F_855	4	4	4
F_856	8	8	8
F_857	4	4	4
F_858	8	8	8
F_859	4	4	4
F_860	8	8	8
F_861	8	8	8
F_862	4	4	4
F_863	4	4	4
F_864	8	8	8
F_865	8	8	8
F_866	4	4	4
F_867	16	16	16
F_868	6	6	6
F_869	12	12	12
F_870	12	12	12
F_871	12	12	12
F_872	12	12	12
F_873	12	12	12
F_874	12	12	12
F_875	12	12	12
F_876	12	12	12
F_877	12	12	12
F_878	12	12	12
F_879	8	8	8
F_880	8	8	8
F_881	8	8	8
F_882	8	8	8
F_883	12	12	12
F_884	12	12	12
F_885	12	12	12
F_886	12	12	12
F_887	12	12	12
F_888	12	12	12
F_889	6	6	6
F_890	6	6	6
F_891	12	12	12
F_892	12	12	12
F_893	12	12	12
F_894	12	12	12
F_895	12	12	12
F_896	12	12	12
F_897	12	12	12
F_898	12	12	12
F_899	12	12	12
F_900	12	12	12
F_901	12	12	12
F_902	12	12	12
F_903	12	12	12
F_904	12	12	12
F_905	12	12	12
F_906	12	12	12
F_907	12	12	12
F_908	12	12	12
F_909	12	12	12
F_910	12	12	12
F_911	12	12	12
F_912	12	12	12
F_913	12	12	12
F_914	12	12	12
F_915	12	12	12
F_916	12	12	12
F_917	12	12	12
F_918	12	12	12
F_919	12	12	12
F_920	12	12	12
F_921	4	4	4
F_922	8	8	8
F_923	8	8	8
F_924	8	8	8
F_925	4	4	4
F_926	12	12	12
F_927	12	12	12
F_928	4	4	4
F_929	8	8	8
F_930	4	4	4
F_931	12	12	12
F_932	12	12	12
F_933	8	8	24
F_934	8	8	48
F_935	8	8	48
F_936	8	8	24
F_937	24	24	144
F_938	24	24	72
F_939	4	4	4
F_940	4	4	8
F_941	4	4	4
F_942	12	12	12
F_943	12	12	24
F_944	12	12	12
F_945	8	8	8
F_946	8	8	8
F_947	4	4	4
F_948	8	8	8
F_949	4	4	4
F_950	4	4	4
F_951	8	8	8
F_952	4	4	4
F_953	4	4	4
F_954	8	8	8
F_955	8	8	8
F_956	8	8	8
F_957	8	8	8
F_958	8	8	8
F_959	8	8	8
F_960	8	8	8
F_961	8	8	8
F_962	8	8	8
F_963	8	8	8
F_964	8	8	8
F_965	8	8	8
F_966	8	8	8
F_967	8	8	8
F_968	8	8	8
F_969	8	8	8
F_970	8	8	8
F_971	8	8	8
F_972	8	8	8
F_973	8	8	8
F_974	8	8	8
F_975	8	8	8
F_976	8	8	8
F_977	8	8	8
F_978	8	8	8
F_979	8	8	8
F_980	8	8	8
F_981	16	16	48
F_982	8	8	24
F_983	16	16	16
F_984	16	16	16
F_985	16	16	16
F_986	16	16	16
F_987	4	4	4
F_988	4	4	4
F_989	8	8	8
F_990	8	8	8
F_991	12	12	12
F_992	2	2	2
F_993	6	6	6
F_994	4	4	4
F_995	4	4	4
F_996	12	12	12
F_997	4	4	4
F_998	4	4	4
F_999	4	4	4
F_1000	8	8	8
F_1001	4	4	4
F_1002	8	8	8
F_1003	4	4	4
F_1004	4	4	4
F_1005	4	4	4
F_1006	8	8	8
F_1007	8	8	8
F_1008	4	4	4
F_1009	4	4	4
F_1010	8	8	8
F_1011	8	8	8
F_1012	8	8	8
F_1013	8	8	8
F_1014	4	4	4
F_1015	4	4	4
F_1016	8	8	8
F_1017	8	8	8
F_1018	4	4	4
F_1019	4	4	4
F_1020	8	8	8
F_1021	8	8	8
F_1022	4	4	4
F_1023	8	8	8
F_1024	4	4	4
F_1025	8	8	8
F_1026	4	4	4
F_1027	4	4	4
F_1028	8	8	8
F_1029	8	8	8
F_1030	4	4	4
F_1031	4	4	4
F_1032	8	8	8
F_1033	8	8	8
F_1034	4	4	4
F_1035	8	8	8
F_1036	4	4	4
F_1037	8	8	8
F_1038	8	8	8
F_1039	8	8	8
F_1040	8	8	8
F_1041	8	8	8
F_1042	8	8	8
F_1043	8	8	8
F_1044	8	8	8
F_1045	8	8	8
F_1046	8	8	8
F_1047	8	8	8
F_1048	8	8	8
F_1049	8	8	8
F_1050	8	8	8
F_1051	8	8	8
F_1052	8	8	8
F_1053	8	8	8
F_1054	8	8	8
F_1055	8	8	8
F_1056	8	8	8
F_1057	8	8	8
F_1058	8	8	8
F_1059	8	8	8
F_1060	16	16	16
F_1061	16	16	16
F_1062	8	8	8
F_1063	8	8	8
F_1064	8	8	8
F_1065	8	8	8
F_1066	16	16	16
F_1067	16	16	16
F_1068	16	16	16
F_1069	16	16	16
F_1070	16	16	16
F_1071	16	16	16
F_1072	8	8	8
F_1073	16	16	16
F_1074	8	8	8
F_1075	8	8	8
F_1076	16	16	16
F_1077	8	8	24
F_1078	16	16	48
F_1079	8	8	8
F_1080	16	16	16
F_1081	16	16	48
F_1082	4	4	4
F_1083	8	8	8
F_1084	4	4	4
F_1085	8	8	8
F_1086	4	4	4
F_1087	8	8	8
F_1088	4	4	4
F_1089	8	8	8
F_1090	8	8	8
F_1091	8	8	24
F_1092	8	8	8
F_1093	4	4	4
F_1094	4	4	4
F_1095	4	4	4
F_1096	4	4	4
F_1097	16	16	16
F_1098	16	16	16
F_1099	8	8	8
F_1100	8	8	8
F_1101	8	8	8
F_1102	8	8	8
F_1103	8	8	8
F_1104	4	4	4
F_1105	8	8	8
F_1106	8	8	8
F_1107	8	8	8
F_1108	4	4	4
F_1109	8	8	8
F_1110	8	8	8
F_1111	8	8	8
F_1112	8	8	8
F_1113	4	4	4
F_1114	8	8	8
F_1115	8	8	8
F_1116	8	8	24
F_1117	16	16	48
F_1118	4	4	4
F_1119	8	8	8
F_1120	8	8	8
F_1121	8	8	8
F_1122	4	4	4
F_1123	8	8	8
F_1124	8	8	8
F_1125	8	8	8
F_1126	16	16	16
F_1127	8	8	8
F_1128	16	16	16
F_1129	8	8	8
F_1130	8	8	8
F_1131	8	8	8
F_1132	16	16	16
F_1133	16	16	16
F_1134	8	8	8
F_1135	8	8	8
F_1136	8	8	8
F_1137	16	16	16
F_1138	16	16	16
F_1139	16	16	48
F_1140	8	8	24
F_1141	8	8	8
F_1142	8	8	8
F_1143	4	4	4
F_1144	8	8	8
F_1145	4	4	4
F_1146	8	8	8
F_1147	2	2	2
F_1148	6	6	6
F_1149	4	4	4
F_1150	4	4	4
F_1151	8	8	8
F_1152	8	8	8
F_1153	4	4	4
F_1154	4	4	4
F_1155	8	8	8
F_1156	4	4	4
F_1157	4	4	4
F_1158	4	4	4
F_1159	8	8	8
F_1160	8	8	8
F_1161	4	4	4
F_1162	8	8	8
F_1163	4	4	4
F_1164	8	8	8
F_1165	4	4	4
F_1166	4	4	4
F_1167	8	8	8
F_1168	8	8	8
F_1169	4	4	4
F_1170	4	4	4
F_1171	8	8	8
F_1172	8	8	8
F_1173	8	8	8
F_1174	16	16	16
F_1175	4	4	4
F_1176	8	8	8
F_1177	4	4	4
F_1178	8	8	8
F_1179	8	8	8
F_1180	8	8	8
F_1181	8	8	8
F_1182	8	8	8
F_1183	8	8	8
F_1184	8	8	8
F_1185	8	8	8
F_1186	8	8	8
F_1187	8	8	8
F_1188	8	8	8
F_1189	8	8	8
F_1190	8	8	8
F_1191	8	8	8
F_1192	8	8	8
F_1193	8	8	8
F_1194	8	8	8
F_1195	8	8	8
F_1196	16	16	16
F_1197	8	8	8
F_1198	16	16	16
F_1199	4	4	4
F_1200	8	8	8
F_1201	4	4	4
F_1202	8	8	8
F_1203	8	8	8
F_1204	8	8	8
F_1205	4	4	4
F_1206	4	4	4
F_1207	8	8	24
F_1208	16	16	48
F_1209	16	16	48
F_1210	8	8	24
F_1211	4	4	4
F_1212	8	8	8
F_1213	4	4	4
F_1214	4	4	4
F_1215	8	8	8
F_1216	4	4	4
F_1217	8	8	8
F_1218	8	8	8
F_1219	8	8	8
F_1220	8	8	8
F_1221	8	8	8
F_1222	4	4	4
F_1223	8	8	8
F_1224	8	8	8
F_1225	8	8	8
F_1226	8	8	8
F_1227	4	4	4
F_1228	8	8	24
F_1229	8	8	8
F_1230	8	8	8
F_1231	8	8	24
F_1232	8	8	8
F_1233	4	4	4
F_1234	4	4	4
F_1235	8	8	8
F_1236	8	8	8
F_1237	4	4	4
F_1238	4	4	4
F_1239	8	8	8
F_1240	8	8	8
F_1241	8	8	8
F_1242	8	8	8
F_1243	4	4	4
F_1244	8	8	8
F_1245	8	8	8
F_1246	8	8	8
F_1247	4	4	4
F_1248	8	8	8
F_1249	8	8	8
F_1250	8	8	8
F_1251	8	8	8
F_1252	4	4	4
F_1253	8	8	8
F_1254	8	8	8
F_1255	4	4	4
F_1256	4	4	4
F_1257	4	4	4
F_1258	12	12	12
F_1259	4	4	4
F_1260	4	4	4
F_1261	12	12	12
F_1262	2	2	2
F_1263	4	4	4
F_1264	6	6	6
F_1265	4	4	4
F_1266	8	8	8
F_1267	8	8	8
F_1268	12	12	12
F_1269	12	12	12
F_1270	4	4	4
F_1271	4	4	4
F_1272	8	8	8
F_1273	8	8	8
F_1274	12	12	12
F_1275	12	12	12
F_1276	6	6	6
F_1277	8	8	8
F_1278	8	8	8
F_1279	8	8	8
F_1280	4	4	4
F_1281	4	4	4
F_1282	4	4	4
F_1283	8	8	8
F_1284	4	4	4
F_1285	4	4	4
F_1286	8	8	8
F_1287	8	8	8
F_1288	8	8	8
F_1289	12	12	12
F_1290	12	12	12
F_1291	12	12	12
F_1292	12	12	12
F_1293	12	12	12
F_1294	12	12	12
F_1295	6	6	6
F_1296	6	6	6
F_1297	6	6	6
F_1298	12	12	12
F_1299	12	12	12
F_1300	12	12	12
F_1301	12	12	12
F_1302	12	12	12
F_1303	12	12	12
F_1304	12	12	12
F_1305	12	12	12
F_1306	8	8	8
F_1307	16	16	16
F_1308	8	8	8
F_1309	24	24	24
F_1310	8	8	24
F_1311	16	16	48
F_1312	16	16	48
F_1313	8	8	24
F_1314	24	24	72
F_1315	4	4	4
F_1316	8	8	8
F_1317	12	12	12
F_1318	4	4	4
F_1319	8	8	8
F_1320	12	12	12
F_1321	2	2	2
F_1322	6	6	6
F_1323	4	4	4
F_1324	4	4	4
F_1325	8	8	8
F_1326	8	8	8
F_1327	12	12	12
F_1328	12	12	12
F_1329	6	6	6
F_1330	8	8	8
F_1331	16	16	16
F_1332	4	4	4
F_1333	8	8	8
F_1334	4	4	4
F_1335	8	8	8
F_1336	12	12	12
F_1337	12	12	12
F_1338	12	12	12
F_1339	12	12	12
F_1340	6	6	6
F_1341	6	6	6
F_1342	24	24	24
F_1343	8	8	8
F_1344	16	16	16
F_1345	8	8	8
F_1346	24	24	24
F_1347	4	4	4
F_1348	8	8	8
F_1349	4	4	4
F_1350	12	12	12
F_1351	12	12	12
F_1352	8	8	8
F_1353	16	16	16
F_1354	4	4	4
F_1355	8	8	8
F_1356	8	8	8
F_1357	4	4	4
F_1358	12	12	12
F_1359	24	24	24
F_1360	12	12	12
F_1361	8	8	24
F_1362	16	16	48
F_1363	16	16	48
F_1364	8	8	24
F_1365	24	24	72
F_1366	4	4	4
F_1367	8	8	8
F_1368	4	4	4
F_1369	12	12	12
F_1370	12	12	12
F_1371	4	4	4
F_1372	8	8	8
F_1373	4	4	4
F_1374	12	12	12
F_1375	12	12	12
F_1376	8	8	8
F_1377	8	8	8
F_1378	8	8	8
F_1379	8	8	8
F_1380	8	8	8
F_1381	8	8	8
F_1382	8	8	8
F_1383	4	4	4
F_1384	8	8	8
F_1385	8	8	8
F_1386	8	8	8
F_1387	8	8	8
F_1388	8	8	8
F_1389	8	8	8
F_1390	8	8	8
F_1391	8	8	8
F_1392	4	4	4
F_1393	8	8	8
F_1394	8	8	8
F_1395	8	8	8
F_1396	8	8	8
F_1397	8	8	8
F_1398	8	8	8
F_1399	8	8	8
F_1400	8	8	8
F_1401	8	8	8
F_1402	8	8	8
F_1403	4	4	4
F_1404	8	8	8
F_1405	8	8	8
F_1406	8	8	8
F_1407	8	8	8
F_1408	8	8	8
F_1409	4	4	4
F_1410	8	8	8
F_1411	8	8	8
F_1412	8	8	8
F_1413	8	8	8
F_1414	4	4	4
F_1415	8	8	8
F_1416	8	8	8
F_1417	8	8	8
F_1418	4	4	4
F_1419	8	8	8
F_1420	8	8	8
F_1421	8	8	8
F_1422	4	4	4
F_1423	8	8	8
F_1424	8	8	8
F_1425	8	8	8
F_1426	8	8	24
F_1427	8	8	24
F_1428	8	8	8
F_1429	8	8	8
F_1430	12	12	12
F_1431	8	8	8
F_1432	8	8	8
F_1433	8	8	8
F_1434	4	4	4
F_1435	8	8	8
F_1436	8	8	8
F_1437	4	4	4
F_1438	8	8	8
F_1439	8	8	8
F_1440	8	8	8
F_1441	8	8	8
F_1442	4	4	4
F_1443	8	8	8
F_1444	8	8	8
F_1445	8	8	8
F_1446	8	8	8
F_1447	8	8	8
F_1448	8	8	8
F_1449	8	8	8
F_1450	8	8	8
F_1451	4	4	4
F_1452	4	4	4
F_1453	8	8	8
F_1454	8	8	8
F_1455	8	8	8
F_1456	24	24	24
F_1457	4	4	4
F_1458	8	8	8
F_1459	8	8	8
F_1460	8	8	8
F_1461	12	12	12
F_1462	24	24	24
F_1463	8	8	8
F_1464	4	4	4
F_1465	8	8	8
F_1466	8	8	8
F_1467	24	24	24
F_1468	12	12	12
F_1469	8	8	8
F_1470	8	8	8
F_1471	24	24	24
F_1472	4	4	4
F_1473	8	8	8
F_1474	12	12	12
F_1475	8	8	8
F_1476	8	8	8
F_1477	4	4	4
F_1478	8	8	8
F_1479	8	8	8
F_1480	8	8	8
F_1481	8	8	8
F_1482	4	4	4
F_1483	8	8	8
F_1484	8	8	8
F_1485	8	8	8
F_1486	8	8	8
F_1487	4	4	4
F_1488	8	8	8
F_1489	8	8	8
F_1490	8	8	8
F_1491	8	8	8
F_1492	8	8	8
F_1493	8	8	8
F_1494	8	8	8
F_1495	8	8	8
F_1496	8	8	8
F_1497	8	8	8
F_1498	8	8	8
F_1499	8	8	8
F_1500	8	8	8
F_1501	4	4	4
F_1502	8	8	8
F_1503	4	4	4
F_1504	8	8	8
F_1505	4	4	4
F_1506	4	4	4
F_1507	8	8	8
F_1508	8	8	8
F_1509	8	8	8
F_1510	8	8	8
F_1511	4	4	4
F_1512	4	4	4
F_1513	8	8	8
F_1514	8	8	8
F_1515	8	8	8
F_1516	8	8	8
F_1517	8	8	8
F_1518	8	8	8
F_1519	8	8	8
F_1520	8	8	8
F_1521	8	8	8
F_1522	8	8	8
F_1523	8	8	8
F_1524	8	8	8
F_1525	8	8	8
F_1526	8	8	8
F_1527	8	8	8
F_1528	8	8	8
F_1529	8	8	8
F_1530	8	8	8
F_1531	8	8	8
F_1532	8	8	8
F_1533	8	8	8
F_1534	8	8	8
F_1535	24	24	24
F_1536	24	24	24
F_1537	24	24	24
F_1538	24	24	24
F_1539	8	8	8
F_1540	8	8	8
F_1541	6	6	6
F_1542	12	12	12
F_1543	6	6	6
F_1544	12	12	12
F_1545	16	16	48
F_1546	16	16	48
F_1547	6	6	6
F_1548	6	6	6
F_1549	6	6	6
F_1550	6	6	6
F_1551	6	6	6
F_1552	12	12	12
F_1553	6	6	6
F_1554	12	12	12
F_1555	6	6	6
F_1556	12	12	12
F_1557	6	6	6
F_1558	12	12	12
F_1559	12	12	12
F_1560	6	6	6
F_1561	6	6	6
F_1562	6	6	6
F_1563	6	6	6
F_1564	12	12	12
F_1565	12	12	12
F_1566	6	6	6
F_1567	6	6	6
F_1568	12	12	12
F_1569	12	12	12
F_1570	6	6	6
F_1571	6	6	6
F_1572	6	6	6
F_1573	6	6	6
F_1574	6	6	6
F_1575	6	6	6
F_1576	6	6	6
F_1577	6	6	6
F_1578	6	6	6
F_1579	12	12	12
F_1580	6	6	6
F_1581	12	12	12
F_1582	6	6	6
F_1583	12	12	12
F_1584	6	6	6
F_1585	12	12	12
F_1586	6	6	6
F_1587	6	6	6
F_1588	6	6	6
F_1589	6	6	6
F_1590	6	6	6
F_1591	6	6	6
F_1592	12	12	12
F_1593	12	12	12
F_1594	6	6	6
F_1595	12	12	12
F_1596	6	6	6
F_1597	12	12	12
F_1598	12	12	12
F_1599	8	8	48
F_1600	16	16	48
F_1601	8	8	8
F_1602	8	8	8
F_1603	8	8	8
F_1604	8	8	8
F_1605	8	8	8
F_1606	8	8	8
F_1607	8	8	8
F_1608	8	8	8
F_1609	8	8	8
F_1610	8	8	8
F_1611	8	8	8
F_1612	4	4	4
F_1613	8	8	8
F_1614	4	4	4
F_1615	8	8	8
F_1616	8	8	8
F_1617	4	4	4
F_1618	4	4	4
F_1619	8	8	8
F_1620	8	8	8
F_1621	8	8	8
F_1622	4	4	4
F_1623	4	4	4
F_1624	8	8	8
F_1625	8	8	8
F_1626	8	8	8
F_1627	8	8	8
F_1628	8	8	8
F_1629	8	8	8
F_1630	8	8	8
F_1631	8	8	8
F_1632	8	8	8
F_1633	8	8	8
F_1634	8	8	8
F_1635	8	8	8
F_1636	8	8	8
F_1637	8	8	8
F_1638	8	8	8
F_1639	8	8	8
F_1640	8	8	8
F_1641	8	8	8
F_1642	8	8	8
F_1643	8	8	8
F_1644	8	8	8
F_1645	8	8	8
F_1646	8	8	8
F_1647	8	8	8
F_1648	8	8	8
F_1649	8	8	8
F_1650	8	8	8
F_1651	8	8	8
F_1652	8	8	8
F_1653	8	8	8
F_1654	4	4	4
F_1655	8	8	8
F_1656	8	8	8
F_1657	8	8	8
F_1658	8	8	8
F_1659	4	4	4
F_1660	8	8	8
F_1661	4	4	4
F_1662	8	8	8
F_1663	8	8	8
F_1664	8	8	8
F_1665	8	8	8
F_1666	8	8	8
F_1667	8	8	8
F_1668	8	8	8
F_1669	8	8	8
F_1670	8	8	8
F_1671	8	8	8
F_1672	8	8	8
F_1673	8	8	8
F_1674	8	8	8
F_1675	8	8	8
F_1676	8	8	8
F_1677	8	8	8
F_1678	8	8	8
F_1679	8	8	8
F_1680	8	8	8
F_1681	8	8	8
F_1682	8	8	8
F_1683	16	16	16
F_1684	16	16	16
F_1685	8	8	8
F_1686	8	8	8
F_1687	8	8	8
F_1688	4	4	4
F_1689	8	8	8
F_1690	4	4	4
F_1691	4	4	4
F_1692	8	8	8
F_1693	8	8	8
F_1694	8	8	8
F_1695	8	8	8
F_1696	8	8	8
F_1697	4	4	4
F_1698	4	4	4
F_1699	8	8	8
F_1700	8	8	8
F_1701	8	8	8
F_1702	8	8	8
F_1703	8	8	8
F_1704	8	8	8
F_1705	8	8	8
F_1706	8	8	8
F_1707	8	8	8
F_1708	8	8	8
F_1709	8	8	8
F_1710	8	8	8
F_1711	8	8	8
F_1712	8	8	8
F_1713	8	8	8
F_1714	8	8	8
F_1715	8	8	8
F_1716	8	8	8
F_1717	8	8	8
F_1718	16	16	16
F_1719	16	16	16
F_1720	8	8	8
F_1721	8	8	8
F_1722	8	8	8
F_1723	8	8	8
F_1724	16	16	16
F_1725	16	16	16
F_1726	16	16	16
F_1727	8	8	8
F_1728	8	8	8
F_1729	8	8	8
F_1730	8	8	8
F_1731	8	8	8
F_1732	8	8	8
F_1733	8	8	8
F_1734	8	8	8
F_1735	8	8	8
F_1736	8	8	8
F_1737	8	8	8
F_1738	8	8	8
F_1739	16	16	48
F_1740	16	16	48
F_1741	16	16	48
F_1742	16	16	48
F_1743	8	8	8
F_1744	8	8	8
F_1745	8	8	8
F_1746	16	16	16
F_1747	16	16	16
F_1748	8	8	8
F_1749	8	8	8
F_1750	4	4	4
F_1751	4	4	4
F_1752	4	4	4
F_1753	8	8	8
F_1754	4	4	4
F_1755	8	8	8
F_1756	8	8	8
F_1757	8	8	8
F_1758	8	8	8
F_1759	8	8	8
F_1760	8	8	8
F_1761	8	8	8
F_1762	8	8	8
F_1763	8	8	8
F_1764	8	8	8
F_1765	8	8	8
F_1766	8	8	8
F_1767	8	8	8
F_1768	8	8	8
F_1769	8	8	8
F_1770	8	8	8
F_1771	8	8	8
F_1772	8	8	8
F_1773	8	8	8
F_1774	8	8	8
F_1775	8	8	8
F_1776	4	4	4
F_1777	12	12	12
F_1778	2	2	2
F_1779	6	6	6
F_1780	4	4	4
F_1781	8	8	8
F_1782	8	8	8
F_1783	4	4	4
F_1784	4	4	4
F_1785	8	8	8
F_1786	8	8	8
F_1787	4	4	4
F_1788	8	8	8
F_1789	8	8	8
F_1790	4	4	4
F_1791	4	4	4
F_1792	8	8	8
F_1793	8	8	8
F_1794	4	4	4
F_1795	8	8	8
F_1796	4	4	4
F_1797	4	4	4
F_1798	8	8	8
F_1799	8	8	8
F_1800	4	4	4
F_1801	16	16	16
F_1802	16	16	16
F_1803	8	8	8
F_1804	16	16	16
F_1805	8	8	8
F_1806	8	8	8
F_1807	16	16	16
F_1808	16	16	48
F_1809	8	8	48
F_1810	8	8	8
F_1811	16	16	16
F_1812	8	8	48
F_1813	4	4	4
F_1814	8	8	8
F_1815	8	8	8
F_1816	4	4	8
F_1817	8	8	8
F_1818	8	8	8
F_1819	8	8	8
F_1820	8	8	8
F_1821	8	8	8
F_1822	16	16	48
F_1823	8	8	8
F_1824	4	4	4
F_1825	8	8	8
F_1826	8	8	8
F_1827	8	8	8
F_1828	8	8	8
F_1829	4	4	4
F_1830	8	8	8
F_1831	8	8	8
F_1832	8	8	8
F_1833	4	4	4
F_1834	8	8	8
F_1835	8	8	8
F_1836	8	8	8
F_1837	4	4	4
F_1838	8	8	8
F_1839	8	8	8
F_1840	8	8	8
F_1841	8	8	8
F_1842	8	8	8
F_1843	8	8	8
F_1844	8	8	8
F_1845	8	8	8
F_1846	8	8	8
F_1847	8	8	8
F_1848	8	8	8
F_1849	8	8	8
F_1850	8	8	8
F_1851	8	8	8
F_1852	16	16	48
F_1853	16	16	48
F_1854	16	16	48
F_1855	16	16	48
F_1856	8	8	8
F_1857	8	8	8
F_1858	8	8	8
F_1859	8	8	8
F_1860	4	4	4
F_1861	8	8	8
F_1862	4	4	4
F_1863	8	8	8
F_1864	8	8	8
F_1865	8	8	8
F_1866	8	8	8
F_1867	8	8	8
F_1868	4	4	4
F_1869	8	8	8
F_1870	8	8	8
F_1871	8	8	8
F_1872	4	4	4
F_1873	4	4	4
F_1874	8	8	8
F_1875	8	8	8
F_1876	8	8	8
F_1877	16	16	16
F_1878	16	16	16
F_1879	8	8	8
F_1880	8	8	8
F_1881	4	4	4
F_1882	8	8	8
F_1883	4	4	4
F_1884	4	4	4
F_1885	8	8	8
F_1886	8	8	8
F_1887	8	8	8
F_1888	8	8	8
F_1889	8	8	8
F_1890	8	8	8
F_1891	16	16	16
F_1892	8	8	8
F_1893	8	8	8
F_1894	8	8	8
F_1895	8	8	8
F_1896	16	16	16
F_1897	16	16	16
F_1898	16	16	16
F_1899	16	16	16
F_1900	8	8	8
F_1901	8	8	8
F_1902	8	8	8
F_1903	8	8	8
F_1904	16	16	16
F_1905	16	16	16
F_1906	8	8	8
F_1907	8	8	8
F_1908	16	16	48
F_1909	16	16	48
F_1910	16	16	48
F_1911	16	16	48
F_1912	8	8	8
F_1913	8	8	8
F_1914	8	8	8
F_1915	8	8	8
F_1916	8	8	8
F_1917	8	8	8
F_1918	8	8	8
F_1919	16	16	16
F_1920	16	16	16
F_1921	8	8	8
F_1922	8	8	8
F_1923	8	8	8
F_1924	16	16	16
F_1925	16	16	16
F_1926	12	12	12
F_1927	16	16	16
F_1928	16	16	16
F_1929	16	16	16
F_1930	16	16	48
F_1931	16	16	48
F_1932	16	16	48
F_1933	16	16	48
F_1934	8	8	8
F_1935	8	8	8
F_1936	8	8	8
F_1937	8	8	8
F_1938	4	4	4
F_1939	8	8	8
F_1940	4	4	4
F_1941	16	16	16
F_1942	16	16	16
F_1943	12	12	12
F_1944	8	8	8
F_1945	8	8	8
F_1946	4	4	4
F_1947	12	12	12
F_1948	16	16	16
F_1949	16	16	16
F_1950	16	16	16
F_1951	16	16	16
F_1952	8	8	8
F_1953	8	8	8
F_1954	8	8	8
F_1955	16	16	16
F_1956	16	16	16
F_1957	8	8	8
F_1958	8	8	8
F_1959	16	16	16
F_1960	8	8	8
F_1961	16	16	48
F_1962	16	16	48
F_1963	16	16	48
F_1964	16	16	48
F_1965	8	8	8
F_1966	8	8	8
F_1967	8	8	8
F_1968	8	8	8
F_1969	8	8	8
F_1970	8	8	8
F_1971	16	16	16
F_1972	8	8	8
F_1973	16	16	16
F_1974	8	8	8
F_1975	4	4	4
F_1976	16	16	16
F_1977	16	16	16
F_1978	8	8	8
F_1979	8	8	8
F_1980	16	16	16
F_1981	16	16	16
F_1982	16	16	16
F_1983	16	16	16
F_1984	8	8	8
F_1985	8	8	8
F_1986	16	16	16
F_1987	16	16	16
F_1988	4	4	4
F_1989	8	8	8
F_1990	16	16	16
F_1991	16	16	16
F_1992	8	8	8
F_1993	8	8	8
F_1994	16	16	16
F_1995	8	8	8
F_1996	16	16	16
F_1997	4	4	4
F_1998	8	8	8
F_1999	8	8	8
F_2000	4	4	4
F_2001	8	8	8
F_2002	8	8	8
F_2003	8	8	8
F_2004	8	8	8
F_2005	8	8	8
F_2006	4	4	4
F_2007	8	8	8
F_2008	8	8	8
F_2009	8	8	8
F_2010	4	4	4
F_2011	16	16	16
F_2012	8	8	8
F_2013	16	16	16
F_2014	16	16	16
F_2015	8	8	8
F_2016	8	8	8
F_2017	16	16	16
F_2018	16	16	16
F_2019	8	8	8
F_2020	8	8	8
F_2021	16	16	16
F_2022	8	8	8
F_2023	16	16	16
F_2024	16	16	16
F_2025	8	8	8
F_2026	16	16	16
F_2027	8	8	8
F_2028	16	16	16
F_2029	8	8	8
F_2030	16	16	16
F_2031	8	8	8
F_2032	16	16	16
F_2033	16	16	16
F_2034	8	8	8
F_2035	16	16	16
F_2036	8	8	8
F_2037	16	16	16
F_2038	16	16	16
F_2039	8	8	8
F_2040	16	16	16
F_2041	8	8	8
F_2042	16	16	16
F_2043	16	16	16
F_2044	8	8	8
F_2045	8	8	8
F_2046	16	16	16
F_2047	16	16	16
F_2048	8	8	8
F_2049	16	16	16
F_2050	8	8	8
F_2051	16	16	16
F_2052	16	16	16
F_2053	8	8	8
F_2054	16	16	16
F_2055	8	8	8
F_2056	16	16	16
F_2057	16	16	16
F_2058	8	8	8
F_2059	8	8	8
F_2060	8	8	8
F_2061	16	16	16
F_2062	8	8	8
F_2063	16	16	16
F_2064	16	16	16
F_2065	8	8	8
F_2066	16	16	16
F_2067	8	8	8
F_2068	16	16	16
F_2069	8	8	8
F_2070	16	16	16
F_2071	8	8	8
F_2072	16	16	16
F_2073	8	8	8
F_2074	8	8	8
F_2075	16	16	16
F_2076	16	16	16
F_2077	8	8	8
F_2078	16	16	16
F_2079	16	16	16
F_2080	8	8	8
F_2081	16	16	16
F_2082	16	16	16
F_2083	16	16	16
F_2084	16	16	16
F_2085	16	16	16
F_2086	16	16	16
F_2087	16	16	16
F_2088	16	16	16
F_2089	16	16	16
F_2090	16	16	16
F_2091	16	16	16
F_2092	16	16	16
F_2093	16	16	16
F_2094	8	8	8
F_2095	8	8	8
F_2096	8	8	8
F_2097	16	16	16
F_2098	16	16	16
F_2099	16	16	16
F_2100	16	16	16
F_2101	16	16	16
F_2102	16	16	16
F_2103	16	16	16
F_2104	16	16	16
F_2105	16	16	16
F_2106	16	16	16
F_2107	8	8	8
F_2108	8	8	8
F_2109	16	16	16
F_2110	16	16	16
F_2111	16	16	16
F_2112	16	16	16
F_2113	16	16	16
F_2114	16	16	16
F_2115	16	16	16
F_2116	16	16	16
F_2117	16	16	16
F_2118	8	8	8
F_2119	8	8	8
F_2120	8	8	8
F_2121	16	16	16
F_2122	16	16	16
F_2123	16	16	16
F_2124	16	16	16
F_2125	16	16	16
F_2126	16	16	16
F_2127	8	8	8
F_2128	8	8	8
F_2129	12	12	12
F_2130	24	24	24
F_2131	6	6	6
F_2132	6	6	6
F_2133	12	12	12
F_2134	12	12	12
F_2135	16	16	48
F_2136	16	16	48
F_2137	6	6	6
F_2138	6	6	6
F_2139	12	12	12
F_2140	12	12	12
F_2141	6	6	6
F_2142	6	6	6
F_2143	12	12	12
F_2144	12	12	12
F_2145	6	6	6
F_2146	6	6	6
F_2147	6	6	6
F_2148	6	6	6
F_2149	6	6	6
F_2150	6	6	6
F_2151	6	6	6
F_2152	6	6	6
F_2153	6	6	6
F_2154	6	6	6
F_2155	6	6	6
F_2156	6	6	6
F_2157	6	6	6
F_2158	12	12	12
F_2159	6	6	6
F_2160	12	12	12
F_2161	6	6	6
F_2162	12	12	12
F_2163	6	6	6
F_2164	12	12	12
F_2165	6	6	6
F_2166	6	6	6
F_2167	12	12	12
F_2168	12	12	12
F_2169	6	6	6
F_2170	6	6	6
F_2171	12	12	12
F_2172	12	12	12
F_2173	6	6	6
F_2174	12	12	12
F_2175	6	6	6
F_2176	12	12	12
F_2177	6	6	6
F_2178	6	6	6
F_2179	12	12	12
F_2180	12	12	12
F_2181	12	12	12
F_2182	12	12	12
F_2183	6	6	6
F_2184	6	6	6
F_2185	6	6	6
F_2186	6	6	6
F_2187	6	6	6
F_2188	6	6	6
F_2189	16	16	48
F_2190	12	12	12
F_2191	12	12	12
F_2192	12	12	12
F_2193	12	12	12
F_2194	12	12	12
F_2195	12	12	12
F_2196	12	12	12
F_2197	12	12	12
F_2198	12	12	12
F_2199	12	12	12
F_2200	12	12	12
F_2201	12	12	12
F_2202	12	12	12
F_2203	12	12	12
F_2204	12	12	12
F_2205	12	12	12
F_2206	12	12	12
F_2207	12	12	12
F_2208	12	12	12
F_2209	6	6	6
F_2210	6	6	6
F_2211	6	6	6
F_2212	12	12	12
F_2213	12	12	12
F_2214	12	12	12
F_2215	6	6	6
F_2216	6	6	6
F_2217	6	6	6
F_2218	6	6	6
F_2219	6	6	6
F_2220	6	6	6
F_2221	12	12	12
F_2222	12	12	12
F_2223	12	12	12
F_2224	6	6	6
F_2225	6	6	6
F_2226	6	6	6
F_2227	12	12	12
F_2228	12	12	12
F_2229	12	12	12
F_2230	12	12	12
F_2231	12	12	12
F_2232	12	12	12
F_2233	6	6	6
F_2234	6	6	6
F_2235	6	6	6
F_2236	12	12	12
F_2237	12	12	12
F_2238	12	12	12
F_2239	5	5	5
F_2240	16	16	48
F_2241	8	8	48
F_2242	12	12	12
F_2243	6	6	6
F_2244	12	12	12
F_2245	6	6	6
F_2246	12	12	12
F_2247	6	6	6
F_2248	6	6	6
F_2249	12	12	12
F_2250	12	12	12
F_2251	6	6	6
F_2252	6	6	6
F_2253	12	12	12
F_2254	12	12	12
F_2255	6	6	6
F_2256	6	6	6
F_2257	12	12	12
F_2258	12	12	12
F_2259	6	6	6
F_2260	6	6	6
F_2261	12	12	12
F_2262	12	12	12
F_2263	6	6	6
F_2264	6	6	6
F_2265	12	12	12
F_2266	12	12	12
F_2267	6	6	6
F_2268	6	6	6
F_2269	12	12	12
F_2270	12	12	12
F_2271	6	6	6
F_2272	12	12	12
F_2273	6	6	6
F_2274	6	6	6
F_2275	12	12	12
F_2276	12	12	12
F_2277	12	12	12
F_2278	12	12	12
F_2279	12	12	12
F_2280	12	12	12
F_2281	12	12	12
F_2282	12	12	12
F_2283	12	12	12
F_2284	12	12	12
F_2285	12	12	12
F_2286	12	12	12
F_2287	12	12	12
F_2288	12	12	12
F_2289	12	12	12
F_2290	12	12	12
F_2291	12	12	12
F_2292	10	10	10
F_2293	24	24	24
F_2294	24	24	24
F_2295	16	16	48
F_2296	8	8	48
F_2297	16	16	48
F_2298	16	16	48
F_2299	16	16	48
F_2300	16	16	48
F_2301	16	16	48
F_2302	16	16	48
F_2303	16	16	48
F_2304	16	16	48
F_2305	16	16	48
F_2306	16	16	48
F_2307	16	16	48
F_2308	6	6	6
F_2309	6	6	6
F_2310	6	6	6
F_2311	6	6	6
F_2312	6	6	6
F_2313	6	6	6
F_2314	6	6	6
F_2315	6	6	6
F_2316	6	6	6
F_2317	6	6	6
F_2318	6	6	6
F_2319	6	6	6
F_2320	6	6	6
F_2321	6	6	6
F_2322	6	6	6
F_2323	6	6	6
F_2324	6	6	6
F_2325	6	6	6
F_2326	6	6	6
F_2327	6	6	6
F_2328	6	6	6
F_2329	6	6	6
F_2330	6	6	6
F_2331	6	6	6
F_2332	6	6	6
F_2333	6	6	6
F_2334	6	6	6
F_2335	6	6	6
F_2336	6	6	6
F_2337	6	6	6
F_2338	6	6	6
F_2339	6	6	6
F_2340	6	6	6
F_2341	6	6	6
F_2342	6	6	6
F_2343	6	6	6
F_2344	6	6	6
F_2345	6	6	6
F_2346	6	6	6
F_2347	6	6	6
F_2348	6	6	6
F_2349	6	6	6
F_2350	6	6	6
F_2351	6	6	6
F_2352	6	6	6
F_2353	6	6	6
F_2354	6	6	6
F_2355	6	6	6
F_2356	6	6	6
F_2357	6	6	6
F_2358	6	6	6
F_2359	6	6	6
F_2360	6	6	6
F_2361	6	6	6
F_2362	6	6	6
F_2363	6	6	6
F_2364	6	6	6
F_2365	6	6	6
F_2366	6	6	6
F_2367	6	6	6
F_2368	5	5	5
F_2369	5	5	5
F_2370	5	5	5
F_2371	5	5	5
F_2372	12	12	12
F_2373	12	12	12
F_2374	12	12	12
F_2375	24	24	24
F_2376	24	24	24
F_2377	12	12	12
F_2378	12	12	12
F_2379	12	12	12
F_2380	24	24	24
F_2381	24	24	24
F_2382	24	24	24
F_2383	24	24	24
F_2384	12	12	12
F_2385	12	12	12
F_2386	12	12	12
F_2387	12	12	12
F_2388	6	6	6
F_2389	12	12	12
F_2390	6	6	6
F_2391	12	12	12
F_2392	6	6	6
F_2393	12	12	12
F_2394	6	6	6
F_2395	12	12	12
F_2396	6	6	6
F_2397	6	6	6
F_2398	12	12	12
F_2399	12	12	12
F_2400	6	6	6
F_2401	6	6	6
F_2402	12	12	12
F_2403	12	12	12
F_2404	6	6	6
F_2405	12	12	12
F_2406	6	6	6
F_2407	12	12	12
F_2408	6	6	6
F_2409	6	6	6
F_2410	12	12	12
F_2411	12	12	12
F_2412	12	12	12
F_2413	12	12	12
F_2414	6	6	6
F_2415	6	6	6
F_2416	6	6	6
F_2417	6	6	6
F_2418	6	6	6
F_2419	6	6	6
F_2420	12	12	12
F_2421	12	12	12
F_2422	12	12	12
F_2423	12	12	12
F_2424	12	12	12
F_2425	12	12	12
F_2426	12	12	12
F_2427	12	12	12
F_2428	12	12	12
F_2429	12	12	12
F_2430	12	12	12
F_2431	12	12	12
F_2432	12	12	12
F_2433	12	12	12
F_2434	12	12	12
F_2435	12	12	12
F_2436	12	12	12
F_2437	12	12	12
F_2438	12	12	12
F_2439	12	12	12
F_2440	12	12	12
F_2441	12	12	12
F_2442	12	12	12
F_2443	12	12	12
F_2444	12	12	12
F_2445	12	12	12
F_2446	5	5	5
F_2447	10	10	10
F_2448	5	5	5
F_2449	10	10	10
F_2450	5	5	5
F_2451	10	10	10
F_2452	5	5	5
F_2453	10	10	10
F_2454	10	10	10
F_2455	5	5	5
F_2456	5	5	5
F_2457	5	5	5
F_2458	5	5	5
F_2459	5	5	5
F_2460	5	5	5
F_2461	16	16	48
F_2462	16	16	48
F_2463	16	16	48
F_2464	16	16	48
F_2465	8	8	8
F_2466	8	8	8
F_2467	8	8	8
F_2468	16	16	16
F_2469	8	8	8
F_2470	8	8	8
F_2471	8	8	8
F_2472	16	16	16
F_2473	8	8	8
F_2474	16	16	16
F_2475	8	8	8
F_2476	8	8	8
F_2477	8	8	8
F_2478	8	8	8
F_2479	8	8	8
F_2480	4	4	4
F_2481	8	8	8
F_2482	4	4	4
F_2483	8	8	8
F_2484	16	16	16
F_2485	8	8	8
F_2486	8	8	8
F_2487	8	8	8
F_2488	4	4	4
F_2489	8	8	8
F_2490	8	8	8
F_2491	8	8	8
F_2492	8	8	8
F_2493	8	8	8
F_2494	8	8	8
F_2495	16	16	16
F_2496	16	16	16
F_2497	8	8	8
F_2498	8	8	8
F_2499	8	8	8
F_2500	8	8	8
F_2501	8	8	8
F_2502	8	8	8
F_2503	8	8	8
F_2504	16	16	16
F_2505	8	8	8
F_2506	8	8	8
F_2507	8	8	8
F_2508	8	8	8
F_2509	8	8	8
F_2510	16	16	16
F_2511	16	16	16
F_2512	8	8	8
F_2513	8	8	8
F_2514	4	4	4
F_2515	8	8	8
F_2516	4	4	4
F_2517	4	4	4
F_2518	8	8	8
F_2519	8	8	8
F_2520	8	8	8
F_2521	8	8	8
F_2522	8	8	8
F_2523	8	8	8
F_2524	8	8	8
F_2525	8	8	8
F_2526	8	8	8
F_2527	8	8	8
F_2528	8	8	8
F_2529	8	8	8
F_2530	8	8	8
F_2531	8	8	8
F_2532	8	8	8
F_2533	8	8	8
F_2534	8	8	8
F_2535	8	8	8
F_2536	8	8	8
F_2537	8	8	8
F_2538	8	8	8
F_2539	4	4	4
F_2540	4	4	4
F_2541	8	8	8
F_2542	4	4	4
F_2543	4	4	4
F_2544	8	8	8
F_2545	8	8	8
F_2546	8	8	8
F_2547	8	8	8
F_2548	8	8	8
F_2549	8	8	8
F_2550	8	8	8
F_2551	8	8	8
F_2552	8	8	8
F_2553	8	8	8
F_2554	8	8	8
F_2555	8	8	8
F_2556	8	8	8
F_2557	8	8	8
F_2558	8	8	8
F_2559	8	8	8
F_2560	8	8	8
F_2561	8	8	8
F_2562	8	8	8
F_2563	8	8	8
F_2564	8	8	8
F_2565	4	4	4
F_2566	4	4	4
F_2567	4	4	4
F_2568	4	4	4
F_2569	8	8	8
F_2570	8	8	8
F_2571	8	8	8
F_2572	8	8	8
F_2573	8	8	8
F_2574	8	8	8
F_2575	8	8	8
F_2576	8	8	8
F_2577	16	16	48
F_2578	16	16	48
F_2579	16	16	48
F_2580	16	16	48
F_2581	8	8	8
F_2582	8	8	8
F_2583	8	8	8
F_2584	16	16	16
F_2585	16	16	48
F_2586	16	16	16
F_2587	8	8	8
F_2588	8	8	8
F_2589	8	8	8
F_2590	8	8	8
F_2591	8	8	8
F_2592	8	8	8
F_2593	8	8	8
F_2594	8	8	8
F_2595	8	8	8
F_2596	16	16	16
F_2597	2	2	2
F_2598	8	8	8
F_2599	4	4	4
F_2600	8	8	8
F_2601	4	4	4
F_2602	8	8	8
F_2603	4	4	4
F_2604	8	8	8
F_2605	8	8	8
F_2606	4	4	4
F_2607	8	8	8
F_2608	8	8	8
F_2609	4	4	4
F_2610	4	4	4
F_2611	8	8	8
F_2612	4	4	4
F_2613	8	8	8
F_2614	4	4	4
F_2615	8	8	8
F_2616	8	8	8
F_2617	8	8	8
F_2618	8	8	8
F_2619	16	16	16
F_2620	8	8	8
F_2621	8	8	8
F_2622	8	8	8
F_2623	8	8	8
F_2624	16	16	48
F_2625	8	8	48
F_2626	8	8	48
F_2627	16	16	48
F_2628	8	8	8
F_2629	4	4	8
F_2630	8	8	8
F_2631	8	8	8
F_2632	8	8	8
F_2633	8	8	8
F_2634	8	8	8
F_2635	16	16	16
F_2636	16	16	16
F_2637	8	8	8
F_2638	4	4	4
F_2639	16	16	48
F_2640	8	8	8
F_2641	8	8	8
F_2642	4	4	4
F_2643	8	8	8
F_2644	8	8	8
F_2645	8	8	8
F_2646	8	8	8
F_2647	4	4	4
F_2648	4	4	4
F_2649	8	8	8
F_2650	8	8	8
F_2651	16	16	48
F_2652	16	16	48
F_2653	8	8	8
F_2654	8	8	8
F_2655	8	8	8
F_2656	8	8	8
F_2657	16	16	16
F_2658	16	16	16
F_2659	4	4	4
F_2660	12	12	12
F_2661	8	8	8
F_2662	4	4	4
F_2663	12	12	12
F_2664	8	8	8
F_2665	8	8	8
F_2666	8	8	8
F_2667	8	8	8
F_2668	8	8	8
F_2669	8	8	8
F_2670	8	8	8
F_2671	8	8	8
F_2672	8	8	8
F_2673	4	4	4
F_2674	4	4	4
F_2675	8	8	8
F_2676	8	8	8
F_2677	8	8	8
F_2678	4	4	4
F_2679	8	8	8
F_2680	4	4	4
F_2681	4	4	4
F_2682	8	8	8
F_2683	8	8	8
F_2684	8	8	8
F_2685	8	8	8
F_2686	8	8	8
F_2687	8	8	8
F_2688	8	8	8
F_2689	16	16	16
F_2690	16	16	16
F_2691	16	16	16
F_2692	16	16	16
F_2693	16	16	16
F_2694	16	16	48
F_2695	16	16	48
F_2696	16	16	16
F_2697	16	16	16
F_2698	16	16	48
F_2699	8	8	8
F_2700	8	8	8
F_2701	8	8	8
F_2702	8	8	8
F_2703	8	8	8
F_2704	8	8	8
F_2705	8	8	8
F_2706	8	8	8
F_2707	16	16	16
F_2708	16	16	48
F_2709	16	16	16
F_2710	8	8	8
F_2711	8	8	8
F_2712	8	8	8
F_2713	8	8	8
F_2714	16	16	48
F_2715	8	8	8
F_2716	8	8	8
F_2717	4	4	4
F_2718	12	12	12
F_2719	8	8	8
F_2720	8	8	8
F_2721	4	4	4
F_2722	8	8	8
F_2723	8	8	8
F_2724	8	8	8
F_2725	8	8	8
F_2726	16	16	16
F_2727	16	16	48
F_2728	16	16	16
F_2729	16	16	16
F_2730	8	8	8
F_2731	8	8	8
F_2732	8	8	8
F_2733	8	8	8
F_2734	8	8	8
F_2735	8	8	8
F_2736	8	8	8
F_2737	8	8	8
F_2738	16	16	16
F_2739	8	8	8
F_2740	16	16	16
F_2741	16	16	16
F_2742	16	16	16
F_2743	16	16	16
F_2744	8	8	8
F_2745	16	16	16
F_2746	16	16	16
F_2747	16	16	16
F_2748	16	16	16
F_2749	8	8	8
F_2750	16	16	16
F_2751	8	8	8
F_2752	16	16	48
F_2753	16	16	48
F_2754	16	16	48
F_2755	16	16	48
F_2756	8	8	8
F_2757	8	8	8
F_2758	8	8	8
F_2759	8	8	8
F_2760	4	4	4
F_2761	8	8	8
F_2762	4	4	4
F_2763	12	12	12
F_2764	12	12	12
F_2765	16	16	16
F_2766	16	16	16
F_2767	8	8	8
F_2768	8	8	8
F_2769	4	4	4
F_2770	16	16	16
F_2771	16	16	16
F_2772	16	16	16
F_2773	16	16	16
F_2774	8	8	8
F_2775	8	8	8
F_2776	8	8	8
F_2777	16	16	16
F_2778	16	16	16
F_2779	8	8	8
F_2780	8	8	8
F_2781	16	16	16
F_2782	8	8	8
F_2783	16	16	48
F_2784	16	16	48
F_2785	16	16	48
F_2786	16	16	48
F_2787	8	8	8
F_2788	8	8	8
F_2789	8	8	8
F_2790	8	8	8
F_2791	8	8	8
F_2792	8	8	8
F_2793	16	16	16
F_2794	8	8	8
F_2795	16	16	16
F_2796	16	16	16
F_2797	16	16	16
F_2798	16	16	16
F_2799	8	8	8
F_2800	16	16	16
F_2801	16	16	16
F_2802	16	16	16
F_2803	16	16	16
F_2804	8	8	8
F_2805	8	8	8
F_2806	4	4	4
F_2807	16	16	16
F_2808	16	16	16
F_2809	8	8	8
F_2810	8	8	8
F_2811	16	16	16
F_2812	16	16	16
F_2813	16	16	16
F_2814	16	16	16
F_2815	8	8	8
F_2816	8	8	8
F_2817	16	16	16
F_2818	16	16	16
F_2819	4	4	4
F_2820	8	8	8
F_2821	16	16	16
F_2822	16	16	16
F_2823	16	16	16
F_2824	16	16	16
F_2825	8	8	8
F_2826	8	8	8
F_2827	8	8	8
F_2828	4	4	4
F_2829	8	8	8
F_2830	4	4	4
F_2831	16	16	16
F_2832	16	16	16
F_2833	16	16	16
F_2834	8	8	8
F_2835	8	8	8
F_2836	16	16	48
F_2837	16	16	48
F_2838	8	8	8
F_2839	4	4	4
F_2840	8	8	8
F_2841	4	4	4
F_2842	8	8	8
F_2843	8	8	8
F_2844	8	8	8
F_2845	8	8	8
F_2846	4	4	4
F_2847	8	8	8
F_2848	8	8	8
F_2849	8	8	8
F_2850	8	8	8
F_2851	4	4	4
F_2852	8	8	8
F_2853	4	4	4
F_2854	8	8	8
F_2855	4	4	4
F_2856	8	8	8
F_2857	8	8	8
F_2858	8	8	8
F_2859	8	8	8
F_2860	16	16	16
F_2861	16	16	16
F_2862	8	8	8
F_2863	8	8	8
F_2864	16	16	16
F_2865	16	16	16
F_2866	16	16	16
F_2867	8	8	8
F_2868	16	16	16
F_2869	8	8	8
F_2870	8	8	8
F_2871	16	16	16
F_2872	16	16	16
F_2873	8	8	8
F_2874	16	16	16
F_2875	8	8	8
F_2876	8	8	8
F_2877	16	16	16
F_2878	8	8	8
F_2879	16	16	16
F_2880	16	16	16
F_2881	8	8	8
F_2882	16	16	16
F_2883	8	8	8
F_2884	16	16	16
F_2885	16	16	16
F_2886	8	8	8
F_2887	8	8	8
F_2888	8	8	8
F_2889	16	16	16
F_2890	16	16	16
F_2891	8	8	8
F_2892	16	16	16
F_2893	8	8	8
F_2894	8	8	8
F_2895	16	16	16
F_2896	8	8	8
F_2897	16	16	16
F_2898	16	16	16
F_2899	8	8	8
F_2900	16	16	16
F_2901	8	8	8
F_2902	16	16	16
F_2903	16	16	16
F_2904	8	8	8
F_2905	8	8	8
F_2906	16	16	16
F_2907	16	16	16
F_2908	8	8	8
F_2909	8	8	8
F_2910	16	16	16
F_2911	16	16	16
F_2912	8	8	8
F_2913	8	8	8
F_2914	16	16	16
F_2915	8	8	8
F_2916	16	16	16
F_2917	8	8	8
F_2918	8	8	8
F_2919	16	16	16
F_2920	16	16	16
F_2921	8	8	8
F_2922	8	8	8
F_2923	16	16	16
F_2924	8	8	8
F_2925	16	16	16
F_2926	8	8	8
F_2927	8	8	8
F_2928	8	8	8
F_2929	16	16	16
F_2930	16	16	16
F_2931	8	8	8
F_2932	16	16	48
F_2933	16	16	48
F_2934	16	16	48
F_2935	16	16	48
F_2936	16	16	48
F_2937	16	16	48
F_2938	16	16	48
F_2939	16	16	48
F_2940	18	18	18
F_2941	9	9	9
F_2942	9	9	9
F_2943	9	9	9
F_2944	9	9	9
F_2945	9	9	9
F_2946	24	24	72
F_2947	3	3	3
F_2948	9	9	9
F_2949	3	3	3
F_2950	9	9	9
F_2951	9	9	9
F_2952	9	9	9
F_2953	9	9	9
F_2954	9	9	9
F_2955	9	9	9
F_2956	9	9	9
F_2957	9	9	9
F_2958	9	9	9
F_2959	9	9	9
F_2960	9	9	9
F_2961	9	9	9
F_2962	9	9	9
F_2963	9	9	9
F_2964	9	9	9
F_2965	9	9	9
F_2966	9	9	9
F_2967	9	9	9
F_2968	9	9	9
F_2969	9	9	9
F_2970	9	9	9
F_2971	9	9	9
F_2972	12	12	12
F_2973	8	8	8
F_2974	8	8	8
F_2975	8	8	8
F_2976	8	8	8
F_2977	8	8	8
F_2978	8	8	8
F_2979	8	8	8
F_2980	8	8	8
F_2981	8	8	8
F_2982	8	8	8
F_2983	6	6	6
F_2984	24	24	24
F_2985	8	8	8
F_2986	16	16	16
F_2987	16	16	16
F_2988	8	8	8
F_2989	8	8	8
F_2990	8	8	8
F_2991	8	8	8
F_2992	16	16	16
F_2993	16	16	16
F_2994	8	8	8
F_2995	6	6	6
F_2996	24	24	24
F_2997	24	24	24
F_2998	12	12	12
F_2999	12	12	12
F_3000	18	18	18
F_3001	16	16	48
F_3002	8	8	48
F_3003	16	16	48
F_3004	8	8	48
F_3005	16	16	48
F_3006	16	16	48
F_3007	24	24	72
F_3008	24	24	144
F_3009	24	24	72
F_3010	24	24	72
F_3011	24	24	72
F_3012	24	24	72
F_3013	8	8	8
F_3014	8	8	8
F_3015	8	8	8
F_3016	16	16	16
F_3017	16	16	16
F_3018	4	4	4
F_3019	8	8	8
F_3020	4	4	4
F_3021	8	8	8
F_3022	8	8	8
F_3023	8	8	8
F_3024	16	16	16
F_3025	16	16	16
F_3026	8	8	8
F_3027	12	12	12
F_3028	4	4	4
F_3029	12	12	12
F_3030	8	8	8
F_3031	8	8	8
F_3032	4	4	4
F_3033	4	4	4
F_3034	8	8	8
F_3035	8	8	8
F_3036	16	16	16
F_3037	16	16	16
F_3038	16	16	16
F_3039	16	16	16
F_3040	16	16	16
F_3041	16	16	48
F_3042	16	16	48
F_3043	16	16	16
F_3044	16	16	16
F_3045	16	16	48
F_3046	8	8	8
F_3047	8	8	8
F_3048	8	8	8
F_3049	8	8	8
F_3050	8	8	8
F_3051	8	8	8
F_3052	8	8	8
F_3053	8	8	8
F_3054	16	16	16
F_3055	16	16	48
F_3056	16	16	16
F_3057	8	8	8
F_3058	8	8	8
F_3059	8	8	8
F_3060	8	8	8
F_3061	16	16	16
F_3062	8	8	8
F_3063	8	8	8
F_3064	16	16	16
F_3065	16	16	16
F_3066	8	8	8
F_3067	8	8	8
F_3068	16	16	16
F_3069	2	2	2
F_3070	8	8	8
F_3071	4	4	4
F_3072	8	8	8
F_3073	12	12	12
F_3074	6	6	6
F_3075	10	10	10
F_3076	8	8	8
F_3077	6	6	6
F_3078	24	24	24
F_3079	8	8	8
F_3080	16	16	16
F_3081	8	8	8
F_3082	24	24	24
F_3083	8	8	8
F_3084	8	8	8
F_3085	8	8	8
F_3086	8	8	8
F_3087	16	16	16
F_3088	4	4	4
F_3089	8	8	8
F_3090	8	8	8
F_3091	4	4	4
F_3092	24	24	24
F_3093	12	12	12
F_3094	12	12	12
F_3095	16	16	48
F_3096	8	8	48
F_3097	8	8	48
F_3098	16	16	48
F_3099	24	24	144
F_3100	8	8	8
F_3101	4	4	8
F_3102	8	8	8
F_3103	12	12	24
F_3104	8	8	8
F_3105	8	8	8
F_3106	8	8	8
F_3107	8	8	8
F_3108	8	8	8
F_3109	8	8	8
F_3110	8	8	8
F_3111	8	8	8
F_3112	8	8	8
F_3113	16	16	16
F_3114	8	8	8
F_3115	16	16	16
F_3116	8	8	8
F_3117	16	16	16
F_3118	8	8	8
F_3119	16	16	16
F_3120	8	8	8
F_3121	16	16	16
F_3122	4	4	4
F_3123	16	16	16
F_3124	8	8	8
F_3125	8	8	8
F_3126	16	16	16
F_3127	16	16	16
F_3128	16	16	16
F_3129	4	4	4
F_3130	16	16	16
F_3131	8	8	8
F_3132	8	8	8
F_3133	16	16	16
F_3134	8	8	8
F_3135	16	16	16
F_3136	16	16	16
F_3137	8	8	8
F_3138	16	16	16
F_3139	8	8	8
F_3140	8	8	8
F_3141	8	8	8
F_3142	16	16	16
F_3143	16	16	16
F_3144	8	8	8
F_3145	8	8	8
F_3146	16	16	16
F_3147	16	16	16
F_3148	16	16	16
F_3149	8	8	8
F_3150	16	16	16
F_3151	8	8	8
F_3152	16	16	16
F_3153	8	8	8
F_3154	8	8	8
F_3155	16	16	16
F_3156	16	16	16
F_3157	8	8	8
F_3158	8	8	8
F_3159	8	8	8
F_3160	4	4	4
F_3161	8	8	8
F_3162	12	12	12
F_3163	24	24	24
F_3164	8	8	8
F_3165	8	8	8
F_3166	8	8	8
F_3167	4	4	4
F_3168	24	24	24
F_3169	12	12	12
F_3170	8	8	8
F_3171	8	8	8
F_3172	24	24	24
F_3173	4	4	4
F_3174	8	8	8
F_3175	12	12	12
F_3176	8	8	8
F_3177	8	8	8
F_3178	8	8	8
F_3179	8	8	8
F_3180	8	8	8
F_3181	8	8	8
F_3182	8	8	8
F_3183	8	8	8
F_3184	4	4	4
F_3185	8	8	8
F_3186	8	8	8
F_3187	8	8	8
F_3188	8	8	8
F_3189	4	4	4
F_3190	8	8	8
F_3191	8	8	8
F_3192	4	4	4
F_3193	8	8	8
F_3194	16	16	16
F_3195	16	16	16
F_3196	8	8	8
F_3197	8	8	8
F_3198	16	16	16
F_3199	16	16	16
F_3200	8	8	8
F_3201	8	8	8
F_3202	16	16	16
F_3203	8	8	8
F_3204	16	16	16
F_3205	8	8	8
F_3206	18	18	18
F_3207	18	18	18
F_3208	18	18	18
F_3209	6	6	6
F_3210	6	6	6
F_3211	24	24	24
F_3212	6	6	6
F_3213	24	24	24
F_3214	24	24	24
F_3215	24	24	24
F_3216	24	24	24
F_3217	24	24	24
F_3218	6	6	6
F_3219	9	9	9
F_3220	9	9	9
F_3221	9	9	9
F_3222	9	9	9
F_3223	9	9	9
F_3224	9	9	9
F_3225	3	3	3
F_3226	9	9	9
F_3227	12	12	12
F_3228	9	9	9
F_3229	9	9	9
F_3230	3	3	3
F_3231	12	12	12
F_3232	9	9	9
F_3233	9	9	9
F_3234	9	9	9
F_3235	9	9	9
F_3236	24	24	24
F_3237	24	24	24
F_3238	12	12	12
F_3239	9	9	9
F_3240	9	9	9
F_3241	9	9	9
F_3242	9	9	9
F_3243	9	9	9
F_3244	3	3	3
F_3245	24	24	24
F_3246	24	24	24
F_3247	12	12	12
F_3248	24	24	24
F_3249	12	12	12
F_3250	24	24	24
F_3251	12	12	12
F_3252	24	24	24
F_3253	12	12	12
F_3254	12	12	12
F_3255	6	6	6
F_3256	18	18	18
F_3257	18	18	18
F_3258	12	12	12
F_3259	6	6	6
F_3260	18	18	18
F_3261	18	18	18
F_3262	12	12	12
F_3263	6	6	6
F_3264	18	18	18
F_3265	18	18	18
F_3266	6	6	6
F_3267	18	18	18
F_3268	24	24	24
F_3269	18	18	18
F_3270	24	24	24
F_3271	24	24	24
F_3272	18	18	18
F_3273	6	6	6
F_3274	24	24	24
F_3275	18	18	18
F_3276	24	24	24
F_3277	24	24	24
F_3278	24	24	24
F_3279	24	24	24
F_3280	24	24	24
F_3281	18	18	18
F_3282	6	6	6
F_3283	18	18	18
F_3284	24	24	24
F_3285	24	24	24
F_3286	24	24	24
F_3287	18	18	18
F_3288	18	18	18
F_3289	6	6	6
F_3290	18	18	18
F_3291	18	18	18
F_3292	24	24	24
F_3293	24	24	24
F_3294	24	24	24
F_3295	6	6	6
F_3296	12	12	12
F_3297	12	12	12
F_3298	12	12	12
F_3299	24	24	24
F_3300	24	24	24
F_3301	12	12	12
F_3302	12	12	12
F_3303	12	12	12
F_3304	12	12	12
F_3305	12	12	12
F_3306	12	12	12
F_3307	12	12	12
F_3308	12	12	12
F_3309	12	12	12
F_3310	12	12	12
F_3311	12	12	12
F_3312	24	24	24
F_3313	24	24	24
F_3314	12	12	12
F_3315	12	12	12
F_3316	12	12	12
F_3317	24	24	24
F_3318	24	24	24
F_3319	12	12	12
F_3320	12	12	12
F_3321	12	12	12
F_3322	12	12	12
F_3323	12	12	12
F_3324	12	12	12
F_3325	12	12	12
F_3326	12	12	12
F_3327	12	12	12
F_3328	12	12	12
F_3329	12	12	12
F_3330	12	12	12
F_3331	12	12	12
F_3332	12	12	12
F_3333	12	12	12
F_3334	12	12	12
F_3335	12	12	12
F_3336	12	12	12
F_3337	12	12	12
F_3338	12	12	12
F_3339	12	12	12
F_3340	12	12	12
F_3341	12	12	12
F_3342	12	12	12
F_3343	12	12	12
F_3344	12	12	12
F_3345	12	12	12
F_3346	12	12	12
F_3347	12	12	12
F_3348	12	12	12
F_3349	6	6	6
F_3350	6	6	6
F_3351	6	6	6
F_3352	12	12	12
F_3353	12	12	12
F_3354	12	12	12
F_3355	12	12	12
F_3356	12	12	12
F_3357	12	12	12
F_3358	10	10	10
F_3359	12	12	12
F_3360	12	12	12
F_3361	12	12	12
F_3362	12	12	12
F_3363	12	12	12
F_3364	12	12	12
F_3365	12	12	12
F_3366	12	12	12
F_3367	12	12	12
F_3368	12	12	12
F_3369	12	12	12
F_3370	12	12	12
F_3371	12	12	12
F_3372	12	12	12
F_3373	12	12	12
F_3374	12	12	12
F_3375	12	12	12
F_3376	12	12	12
F_3377	12	12	12
F_3378	12	12	12
F_3379	12	12	12
F_3380	12	12	12
F_3381	12	12	12
F_3382	12	12	12
F_3383	12	12	12
F_3384	12	12	12
F_3385	12	12	12
F_3386	6	6	6
F_3387	6	6	6
F_3388	6	6	6
F_3389	10	10	10
F_3390	12	12	12
F_3391	12	12	12
F_3392	6	6	6
F_3393	12	12	12
F_3394	6	6	6
F_3395	12	12	12
F_3396	12	12	12
F_3397	6	6	6
F_3398	12	12	12
F_3399	6	6	6
F_3400	12	12	12
F_3401	12	12	12
F_3402	6	6	6
F_3403	12	12	12
F_3404	12	12	12
F_3405	6	6	6
F_3406	10	10	10
F_3407	10	10	10
F_3408	10	10	10
F_3409	10	10	10
F_3410	10	10	10
F_3411	10	10	10
F_3412	10	10	10
F_3413	10	10	10
F_3414	12	12	12
F_3415	24	24	24
F_3416	24	24	24
F_3417	12	12	12
F_3418	12	12	12
F_3419	24	24	24
F_3420	24	24	24
F_3421	12	12	12
F_3422	12	12	12
F_3423	24	24	24
F_3424	24	24	24
F_3425	12	12	12
F_3426	24	24	72
F_3427	24	24	72
F_3428	24	24	72
F_3429	24	24	72
F_3430	24	24	72
F_3431	24	24	72
F_3432	12	12	12
F_3433	12	12	12
F_3434	12	12	12
F_3435	12	12	12
F_3436	12	12	12
F_3437	12	12	12
F_3438	12	12	12
F_3439	12	12	12
F_3440	12	12	12
F_3441	12	12	12
F_3442	12	12	12
F_3443	12	12	12
F_3444	12	12	12
F_3445	24	24	24
F_3446	12	12	12
F_3447	24	24	24
F_3448	12	12	12
F_3449	24	24	24
F_3450	24	24	24
F_3451	12	12	12
F_3452	24	24	24
F_3453	12	12	12
F_3454	24	24	24
F_3455	12	12	12
F_3456	7	7	7
